"x"
5182.37288135593
4986.46779661017
4826.68474576271
4719.29491525424
4683.49830508475
4670.80677966102
4700.74576271186
4779.17288135593
4874.19661016949
5057.73559322034
5224.35254237288
5325.5593220339
5380.55593220339
5353.22033898305
5321.32881355932
5351.26779661017
5559.21355932203
5978.3593220339
5971.52542372881
5852.74576271186
5746.33220338983
5589.80338983051
5340.20338983051
5089.30169491525
4806.18305084746
4673.73559322034
4569.92542372881
4535.75593220339
4571.22711864407
4696.18983050847
4933.74915254237
5241.92542372881
5434.90169491525
5670.83389830508
5940.93559322034
6053.53220338983
6093.5593220339
6103.64745762712
6092.58305084746
6124.8
6390.67118644068
6781.50508474576
6711.21355932203
6566.4
6453.47796610169
6226.33220338983
5870.3186440678
5478.50847457627
5151.13220338983
4985.81694915254
4924.31186440678
4940.90847457627
4976.37966101695
5074.98305084746
5440.10847457627
5890.16949152542
6208.43389830508
6351.94576271186
6396.52881355932
6400.10847457627
6390.67118644068
6392.94915254237
6369.19322033898
6390.34576271186
6583.3220338983
7026.54915254237
7032.40677966102
6832.59661016949
6649.05762711864
6376.02711864407
5999.51186440678
5572.55593220339
5225.97966101695
5105.24745762712
4980.28474576271
4954.25084745763
4973.77627118644
5089.95254237288
5474.60338983051
5978.3593220339
6254.96949152542
6362.3593220339
6494.15593220339
6575.51186440678
6608.37966101695
6609.03050847458
6537.43728813559
6553.70847457627
6726.18305084746
6980.98983050847
6936.0813559322
6735.29491525424
6577.78983050847
6371.79661016949
5984.54237288136
5588.82711864407
5212.31186440678
5059.68813559322
4977.03050847458
4954.57627118644
5000.78644067797
5142.67118644068
5502.26440677966
5971.85084745763
6211.36271186441
6302.4813559322
6408.89491525424
6508.47457627119
6511.07796610169
6530.60338983051
6508.47457627119
6498.38644067797
6715.44406779661
7088.70508474576
7023.94576271186
6851.14576271186
6697.22033898305
6521.81694915254
6129.6813559322
5709.88474576271
5395.85084745763
5298.87457627119
5189.85762711864
5153.08474576271
5175.86440677966
5387.71525423729
5838.75254237288
6328.18983050847
6549.15254237288
6640.27118644068
6692.33898305085
6725.85762711864
6658.49491525424
6616.18983050847
6597.31525423729
6582.67118644068
6733.99322033898
7140.1220338983
7140.1220338983
6963.09152542373
6808.8406779661
6614.88813559322
6312.56949152542
5923.68813559322
5551.07796610169
5399.10508474576
5299.2
5250.06101694915
5237.04406779661
5247.45762711864
5387.71525423729
5643.82372881356
5886.91525423729
6067.2
6190.53559322034
6255.94576271186
6250.73898305085
6207.45762711864
6142.04745762712
6125.12542372881
6289.46440677966
6654.58983050847
6627.25423728814
6369.5186440678
6222.10169491525
6027.82372881356
5781.80338983051
5450.19661016949
5158.61694915254
4982.88813559322
4881.35593220339
4815.62033898305
4807.48474576271
4827.66101694915
4927.56610169492
5121.84406779661
5287.1593220339
5498.68474576271
5595.33559322034
5655.21355932203
5686.77966101695
5708.58305084746
5714.4406779661
5781.47796610169
6027.49830508474
6505.22033898305
6488.94915254237
6332.42033898305
6165.47796610169
5995.93220338983
5683.85084745763
5314.82033898305
5118.91525423729
5038.86101694915
4958.4813559322
4967.26779661017
5037.88474576271
5251.03728813559
5659.1186440678
6336.97627118644
6534.83389830508
6563.47118644068
6576.16271186441
6551.43050847458
6508.8
6507.17288135593
6496.7593220339
6528.65084745763
6744.0813559322
7128.40677966102
7090.65762711864
6908.09491525424
6740.82711864407
6463.56610169492
6058.08813559322
5576.78644067797
5263.07796610169
5077.91186440678
5010.22372881356
5038.53559322034
5075.63389830508
5235.74237288136
5664.32542372881
6328.18983050847
6479.83728813559
6405.31525423729
6316.14915254237
6297.6
6238.04745762712
6252.0406779661
6162.54915254237
6311.59322033898
6592.7593220339
7094.88813559322
7055.51186440678
6827.38983050847
6661.09830508475
6430.69830508475
6025.22033898305
5531.87796610169
5223.70169491525
5046.02033898305
4984.18983050847
4958.4813559322
4980.93559322034
5146.90169491525
5636.01355932203
6286.21016949152
6458.68474576271
6442.08813559322
6443.06440677966
6434.27796610169
6333.39661016949
6319.07796610169
6261.80338983051
6344.78644067797
6575.51186440678
6929.57288135593
6809.81694915254
6662.4
6513.03050847458
6228.61016949153
5857.62711864407
5382.50847457627
5062.94237288136
4987.44406779661
4923.01016949152
4841.32881355932
4883.9593220339
5064.89491525424
5484.36610169491
6184.67796610169
6403.68813559322
6283.2813559322
6299.22711864407
6315.17288135593
6194.76610169492
6150.18305084746
6114.06101694915
6111.13220338983
6272.54237288136
6666.95593220339
6757.09830508475
6611.9593220339
6467.79661016949
6210.71186440678
5784.73220338983
5318.4
5031.05084745763
4922.68474576271
4849.78983050847
4788.28474576271
4847.83728813559
5027.14576271186
5474.27796610169
6149.85762711864
6343.1593220339
6273.84406779661
6379.60677966102
6356.17627118644
6273.19322033898
6209.08474576271
6150.83389830508
6151.81016949152
6398.15593220339
6654.58983050847
6518.56271186441
6361.38305084746
6152.13559322034
5922.06101694915
5594.03389830508
5197.34237288136
4835.79661016949
4735.89152542373
4641.84406779661
4616.78644067797
4632.73220338983
4730.03389830508
4931.79661016949
5200.92203389831
5553.03050847458
5815.97288135593
6042.79322033898
6136.18983050847
6130.33220338983
6022.61694915254
5902.86101694915
5849.49152542373
6028.14915254237
6404.98983050847
6512.70508474576
6341.20677966102
6186.95593220339
6013.83050847458
5796.77288135593
5464.18983050847
5218.49491525424
5074.33220338983
4975.40338983051
4943.83728813559
4973.77627118644
5106.54915254237
5268.28474576271
5434.25084745763
5611.60677966102
5801.97966101695
5957.85762711864
6045.39661016949
6110.15593220339
6057.11186440678
6015.78305084746
6003.41694915254
6207.13220338983
6708.28474576271
6831.94576271186
6684.85423728813
6535.81016949152
6364.63728813559
6091.2813559322
5786.68474576271
5597.61355932203
5507.47118644068
5474.27796610169
5508.1220338983
5564.09491525424
5727.13220338983
6168.73220338983
6859.60677966102
7037.93898305085
7025.24745762712
7068.52881355932
7020.0406779661
6942.58983050847
6862.53559322034
6777.27457627119
6786.71186440678
7065.6
7439.18644067797
7501.66779661017
7314.54915254237
7126.77966101695
6855.70169491525
6456.40677966102
6025.54576271186
5689.05762711864
5583.94576271186
5504.21694915254
5493.80338983051
5524.06779661017
5672.46101694915
6113.41016949153
6813.7220338983
6921.43728813559
6912.32542372881
6917.20677966102
6920.46101694915
6895.07796610169
6884.98983050847
6917.85762711864
6991.72881355932
7250.4406779661
7486.69830508474
7400.46101694915
7198.04745762712
7017.43728813559
6708.28474576271
6289.13898305085
5819.55254237288
5476.23050847458
5355.17288135593
5279.34915254237
5199.62033898305
5178.79322033898
5349.31525423729
5748.28474576271
6379.60677966102
6554.68474576271
6646.12881355932
6707.63389830508
6718.04745762712
6721.62711864407
6670.21016949152
6641.24745762712
6665.32881355932
6964.39322033898
7247.83728813559
7289.16610169491
7040.54237288136
6861.5593220339
6663.05084745763
6236.09491525424
5785.70847457627
5442.06101694915
5315.14576271186
5211.66101694915
5160.56949152542
5219.79661016949
5416.35254237288
5885.61355932203
6535.81016949152
6594.71186440678
6526.69830508475
6400.10847457627
6469.74915254237
6367.2406779661
6389.69491525424
6360.40677966102
6352.92203389831
6531.90508474576
6843.01016949152
6805.58644067797
6714.79322033898
6699.17288135593
6423.21355932203
6006.99661016949
5559.53898305085
5224.67796610169
5063.9186440678
4980.61016949153
4929.84406779661
4995.57966101695
5117.61355932203
5533.50508474576
6165.15254237288
6265.38305084746
6237.07118644068
6284.58305084746
6299.87796610169
6221.12542372881
6206.4813559322
6160.92203389831
6157.01694915254
6293.36949152542
6618.46779661017
6618.79322033898
6465.19322033898
6270.91525423729
6049.62711864407
5717.69491525424
5374.37288135593
5063.9186440678
4978.98305084746
4864.10847457627
4817.24745762712
4814.3186440678
4872.56949152542
5030.07457627119
5332.39322033898
5657.49152542373
5964.0406779661
6132.28474576271
6103.64745762712
6010.57627118644
5913.92542372881
5839.07796610169
5786.3593220339
5874.22372881356
6233.16610169491
6351.29491525424
6135.53898305085
5987.14576271186
5763.57966101695
5554.00677966102
5267.63389830508
5006.3186440678
4867.03728813559
4785.35593220339
4737.84406779661
4734.91525423729
4787.9593220339
4957.83050847458
5156.33898305085
5387.71525423729
5609.97966101695
5710.86101694915
5752.8406779661
5736.24406779661
5684.17627118644
5624.94915254237
5664
5860.23050847458
6280.67796610169
6349.66779661017
6208.10847457627
6105.92542372881
5914.25084745763
5597.61355932203
5269.58644067797
5027.47118644068
4936.02711864407
4865.08474576271
4869.96610169491
4998.50847457627
5214.58983050847
5638.29152542373
6313.22033898305
6534.83389830508
6497.73559322034
6438.50847457627
6453.80338983051
6388.39322033898
6349.99322033898
6270.26440677966
6285.88474576271
6517.58644067797
6784.7593220339
6953.00338983051
6791.9186440678
6639.29491525424
6383.51186440678
6020.98983050847
5591.10508474576
5258.5220338983
5140.06779661017
5033.65423728813
4988.42033898305
5059.03728813559
5224.35254237288
5697.5186440678
6326.23728813559
6448.59661016949
6452.17627118644
6506.19661016949
6504.56949152542
6468.44745762712
6526.69830508475
6578.11525423729
6624.65084745763
6739.85084745763
7020.69152542373
7082.84745762712
6891.17288135593
6699.49830508474
6424.51525423729
5967.29491525424
5541.96610169491
5216.86779661017
5109.15254237288
5043.74237288136
5012.17627118644
5061.31525423729
5221.09830508475
5660.74576271186
6300.52881355932
6499.03728813559
6569.32881355932
6619.1186440678
6554.68474576271
6532.23050847458
6530.27796610169
6554.03389830508
6602.5220338983
6774.99661016949
7121.24745762712
7290.79322033898
7100.74576271186
6959.18644067797
6691.68813559322
6309.6406779661
5882.3593220339
5623.64745762712
5485.99322033898
5428.39322033898
5415.70169491525
5478.50847457627
5657.49152542373
6126.75254237288
6810.14237288136
6901.91186440678
6875.87796610169
6818.27796610169
6799.40338983051
6713.16610169491
6674.76610169492
6595.68813559322
6558.91525423729
6768.48813559322
7055.83728813559
7286.23728813559
7155.41694915254
6999.21355932203
6756.44745762712
6370.82033898305
5907.09152542373
5594.03389830508
5496.40677966102
5433.27457627119
5367.53898305085
5484.36610169491
5661.07118644068
6123.82372881356
6728.46101694915
6781.50508474576
6700.8
6684.20338983051
6627.90508474576
6532.55593220339
6470.07457627119
6302.4813559322
6280.02711864407
6424.8406779661
6673.78983050847
6799.40338983051
6595.36271186441
6434.27796610169
6182.07457627119
5892.44745762712
5513.65423728813
5147.87796610169
4944.48813559322
4827.98644067797
4764.52881355932
4722.54915254237
4780.8
4942.21016949153
5182.69830508475
5447.59322033898
5611.60677966102
5657.81694915254
5628.20338983051
5609.00338983051
5471.34915254237
5360.05423728814
5276.42033898305
5414.4
5815.64745762712
6043.44406779661
5849.81694915254
5648.70508474576
5491.2
5301.80338983051
5017.38305084746
4746.63050847458
4592.37966101695
4491.49830508475
4448.86779661017
4440.0813559322
4535.75593220339
4602.14237288136
4825.38305084746
5171.63389830508
5464.8406779661
5766.18305084746
5950.69830508475
6017.41016949153
6006.02033898305
5886.58983050847
5877.47796610169
6069.15254237288
6336
6332.74576271186
6136.51525423729
5966.96949152542
5778.22372881356
5484.0406779661
5195.38983050847
4975.40338983051
4860.52881355932
4808.78644067797
4792.51525423729
4836.77288135593
4755.41694915254
5227.60677966102
6148.8813559322
6353.57288135593
6363.66101694915
6433.30169491525
6363.33559322034
6297.92542372881
6331.44406779661
6303.45762711864
6275.14576271186
6389.69491525424
6753.5186440678
6824.46101694915
6670.86101694915
6521.49152542373
6214.61694915254
5865.11186440678
5360.37966101695
5059.68813559322
4943.83728813559
4847.18644067797
4782.75254237288
4883.63389830508
5075.63389830508
5583.94576271186
6218.19661016949
6416.70508474576
6401.08474576271
6421.58644067797
6473.32881355932
6481.13898305085
6414.42711864407
6407.26779661017
6464.54237288136
6667.2813559322
6912.32542372881
6963.41694915254
6808.8406779661
6605.12542372881
6333.39661016949
5949.07118644068
5488.92203389831
5204.50169491525
5086.69830508475
4957.50508474576
4946.11525423729
5015.43050847458
5252.66440677966
5728.10847457627
6255.62033898305
6470.4
6464.54237288136
6493.83050847458
6482.4406779661
6498.38644067797
6477.88474576271
6405.6406779661
6357.47796610169
6495.78305084746
6824.13559322034
6928.27118644068
6732.69152542373
6565.09830508475
6282.30508474576
5924.66440677966
5498.3593220339
5178.46779661017
5031.37627118644
4931.14576271186
4891.44406779661
4936.67796610169
5138.11525423729
5568.97627118644
6137.49152542373
6271.89152542373
6321.35593220339
6333.39661016949
6350.3186440678
6214.94237288136
6172.31186440678
6111.45762711864
6125.77627118644
6291.09152542373
6605.12542372881
6722.60338983051
6594.38644067797
6399.13220338983
6166.45423728814
5775.29491525424
5392.59661016949
5107.2
4980.93559322034
4895.67457627119
4827.66101694915
4852.7186440678
5055.78305084746
5498.3593220339
6074.3593220339
6324.28474576271
6425.49152542373
6486.34576271186
6456.0813559322
6419.63389830508
6382.21016949152
6271.2406779661
6248.46101694915
6368.54237288136
6563.14576271186
6607.40338983051
6400.10847457627
6182.07457627119
5956.23050847458
5657.49152542373
5256.24406779661
4894.69830508475
4749.5593220339
4650.95593220339
4615.81016949152
4638.91525423729
4625.89830508475
4857.27457627119
5129.65423728813
5422.53559322034
5679.94576271186
5807.83728813559
5865.76271186441
5875.2
5883.66101694915
5906.76610169492
5963.71525423729
6082.82033898305
6305.08474576271
6337.95254237288
6128.05423728814
5924.01355932203
5734.94237288136
5494.12881355932
5187.90508474576
4940.90847457627
4773.96610169491
4673.73559322034
4610.27796610169
4572.52881355932
4628.50169491525
4701.07118644068
4864.7593220339
5130.95593220339
5426.4406779661
5582.96949152542
5644.8
5706.63050847458
5704.67796610169
5695.89152542373
5783.10508474576
6011.87796610169
6280.02711864407
6396.20338983051
6248.46101694915
6106.57627118644
5961.76271186441
5724.52881355932
5417.00338983051
5186.27796610169
5090.27796610169
5014.12881355932
4999.1593220339
5125.74915254237
5323.93220338983
5819.22711864407
6396.20338983051
6582.02033898305
6668.25762711864
6779.22711864407
6743.75593220339
6676.39322033898
6665.65423728813
6628.8813559322
6683.55254237288
6841.38305084746
7087.40338983051
7198.04745762712
7056.48813559322
6915.25423728814
6628.55593220339
6195.09152542373
5765.85762711864
5431.64745762712
5332.39322033898
5253.31525423729
5215.56610169492
5273.49152542373
5489.57288135593
5927.9186440678
6515.9593220339
6635.71525423729
6621.7220338983
6651.33559322034
6600.56949152542
6525.39661016949
6494.15593220339
6467.79661016949
6483.74237288136
6666.30508474576
6946.49491525424
7144.35254237288
7005.07118644068
6811.76949152542
6568.35254237288
6198.67118644068
5730.71186440678
5462.23728813559
5364.93559322034
5238.34576271186
5206.45423728814
5257.54576271186
5456.05423728814
6007.97288135593
6584.94915254237
6724.23050847458
6723.90508474576
6690.06101694915
6622.37288135593
6543.62033898305
6488.29830508475
6433.62711864407
6470.72542372881
6688.7593220339
6969.92542372881
7234.16949152542
7118.96949152542
7008.65084745763
6778.57627118644
6349.66779661017
5932.8
5651.9593220339
5504.54237288136
5433.6
5414.4
5483.06440677966
5693.61355932203
6053.85762711864
6667.2813559322
6801.03050847458
6755.47118644068
6746.03389830508
6689.08474576271
6601.22033898305
6536.46101694915
6485.04406779661
6540.69152542373
6713.49152542373
6961.78983050847
7207.1593220339
7114.08813559322
6989.45084745763
6730.41355932203
6370.16949152542
5916.85423728813
5638.61694915254
5500.63728813559
5455.40338983051
5456.70508474576
5510.07457627119
5691.98644067797
6084.1220338983
6740.17627118644
6895.72881355932
6883.03728813559
6893.12542372881
6817.62711864407
6721.62711864407
6640.92203389831
6574.53559322034
6532.55593220339
6627.57966101695
6845.61355932203
7011.57966101695
6882.71186440678
6704.37966101695
6496.43389830508
6153.11186440678
5736.89491525424
5438.15593220339
5307.01016949152
5235.41694915254
5166.75254237288
5168.05423728814
5253.96610169491
5447.9186440678
5735.26779661017
5991.37627118644
6163.52542372881
6215.59322033898
6165.47796610169
6047.34915254237
5898.95593220339
5801.32881355932
5758.04745762712
5929.87118644068
6189.88474576271
6409.87118644068
6299.87796610169
6135.21355932203
6000.16271186441
5798.4
5538.06101694915
5288.78644067797
5142.02033898305
5079.86440677966
5054.15593220339
5050.57627118644
5104.27118644068
5221.09830508475
5397.47796610169
5621.36949152542
5822.4813559322
5876.82711864407
5896.02711864407
5856
5746.98305084746
5656.18983050847
5720.62372881356
5914.90169491525
6238.04745762712
6549.47796610169
6459.66101694915
6353.89830508475
6155.06440677966
5823.13220338983
5500.31186440678
5307.33559322034
5219.14576271186
5147.55254237288
5156.01355932203
5208.40677966102
5431.97288135593
5892.77288135593
6492.52881355932
6701.12542372881
6659.79661016949
6701.45084745763
6729.11186440678
6669.5593220339
6633.76271186441
6646.12881355932
6688.43389830508
6841.05762711864
7073.41016949153
7220.17627118644
7114.41355932203
6939.98644067797
6661.42372881356
6233.49152542373
5756.42033898305
5417.00338983051
5361.6813559322
5269.26101694915
5222.72542372881
5252.33898305085
5439.45762711864
5959.81016949152
6590.15593220339
6753.5186440678
6728.46101694915
6732.36610169491
6638.64406779661
6517.58644067797
6539.38983050847
6501.31525423729
6616.8406779661
6714.46779661017
6844.96271186441
7000.18983050847
6827.06440677966
6650.3593220339
6431.34915254237
6053.85762711864
5626.57627118644
5287.1593220339
5156.98983050847
5052.52881355932
5028.44745762712
5074.65762711864
5255.59322033898
5751.21355932203
6296.62372881356
6405.96610169491
6378.30508474576
6420.93559322034
6392.29830508475
6289.13898305085
6338.92881355932
6259.52542372881
6325.91186440678
6422.23728813559
6658.16949152542
6868.7186440678
6755.79661016949
6633.11186440678
6367.89152542373
5983.2406779661
5548.47457627119
5279.67457627119
5184.65084745763
5128.67796610169
5095.48474576271
5212.63728813559
5399.43050847458
5843.30847457627
6396.20338983051
6599.26779661017
6678.34576271186
6775.64745762712
6793.22033898305
6779.87796610169
6739.52542372881
6757.42372881356
6816.97627118644
6982.94237288136
7184.37966101695
7263.78305084746
7135.89152542373
6891.17288135593
6554.68474576271
6136.8406779661
5682.54915254237
5395.85084745763
5289.43728813559
5207.75593220339
5126.4
5171.30847457627
5405.93898305085
5870.96949152542
6382.21016949152
6633.43728813559
6734.3186440678
6807.21355932203
6815.67457627119
6768.16271186441
6689.73559322034
6625.95254237288
6631.1593220339
6695.59322033898
6890.84745762712
7066.25084745763
6985.87118644068
6838.12881355932
6582.99661016949
6274.16949152542
5922.38644067797
5553.6813559322
5437.83050847458
5347.68813559322
5342.4813559322
5357.45084745763
5453.77627118644
5625.6
5853.07118644068
6144
6314.84745762712
6407.9186440678
6385.78983050847
6328.18983050847
6203.55254237288
6134.56271186441
6087.70169491525
6229.91186440678
6434.60338983051
6739.2
6676.39322033898
6497.08474576271
6307.03728813559
6100.39322033898
5873.57288135593
5578.73898305085
5447.26779661017
5362.00677966102
5332.39322033898
5333.69491525424
5373.39661016949
5515.93220338983
5605.09830508475
5832.24406779661
6033.03050847458
6121.22033898305
6192.81355932203
6175.2406779661
6102.67118644068
6036.61016949153
6056.13559322034
6212.01355932203
6531.57966101695
6719.02372881356
6709.91186440678
6603.17288135593
6390.02033898305
6115.03728813559
5777.24745762712
5547.49830508474
5458.98305084746
5414.72542372881
5410.16949152542
5464.18983050847
5631.45762711864
6091.93220338983
6628.23050847458
6750.26440677966
6752.86779661017
6819.25423728814
6858.30508474576
6725.85762711864
6601.54576271186
6552.0813559322
6546.54915254237
6661.74915254237
6935.75593220339
7135.89152542373
7105.30169491525
6900.93559322034
6634.73898305085
6199.3220338983
5787.98644067797
5499.33559322034
5391.29491525424
5291.06440677966
5274.46779661017
5344.7593220339
5510.07457627119
5996.58305084746
6537.76271186441
6702.10169491525
6688.10847457627
6694.94237288136
6647.43050847458
6537.43728813559
6469.09830508475
6405.96610169491
6442.73898305085
6579.41694915254
6810.46779661017
6989.12542372881
7020.0406779661
6884.33898305085
6630.83389830508
6221.12542372881
5777.89830508475
5464.18983050847
5327.83728813559
5240.29830508475
5258.84745762712
5306.68474576271
5476.23050847458
5964.0406779661
6500.01355932203
6652.63728813559
6527.67457627119
6478.53559322034
6455.43050847458
6357.80338983051
6317.77627118644
6318.42711864407
6324.28474576271
6458.03389830508
6656.21694915254
6839.43050847458
6810.46779661017
6599.59322033898
6372.1220338983
5970.54915254237
5564.09491525424
5307.66101694915
5208.73220338983
5141.36949152542
5095.1593220339
5127.05084745763
5281.95254237288
5739.82372881356
6329.16610169491
6463.2406779661
6393.27457627119
6403.36271186441
6301.50508474576
6240
6194.76610169492
6194.4406779661
6253.01694915254
6452.82711864407
6668.90847457627
6851.79661016949
6854.07457627119
6692.66440677966
6456.0813559322
6100.7186440678
5735.59322033898
5449.22033898305
5349.31525423729
5281.30169491525
5264.70508474576
5384.46101694915
5543.26779661017
6009.6
6522.14237288136
6685.50508474576
6674.76610169492
6697.87118644068
6685.83050847458
6587.87796610169
6489.6
6420.93559322034
6345.43728813559
6416.37966101695
6611.63389830508
6838.12881355932
6767.83728813559
6608.37966101695
6309.31525423729
6020.66440677966
5643.49830508474
5321.32881355932
5170.00677966102
5100.36610169491
5100.36610169491
5125.42372881356
5151.13220338983
5268.28474576271
5498.03389830508
5762.60338983051
6026.5220338983
6125.12542372881
6191.83728813559
6155.38983050847
6086.72542372881
5959.1593220339
5916.85423728813
6047.34915254237
6216.89491525424
6452.82711864407
6431.67457627119
6259.85084745763
6032.05423728814
5757.07118644068
5499.01016949152
5295.62033898305
5179.76949152542
5103.29491525424
5074.33220338983
5096.13559322034
5180.09491525424
5282.60338983051
5433.92542372881
5647.40338983051
5819.87796610169
5899.2813559322
5948.42033898305
5927.9186440678
5873.57288135593
5819.22711864407
5858.27796610169
5968.27118644068
6263.75593220339
6590.80677966102
6620.42033898305
6469.42372881356
6302.4813559322
5956.8813559322
5695.2406779661
5462.23728813559
5439.45762711864
5422.53559322034
5416.67796610169
5469.7220338983
5724.85423728813
6155.06440677966
6726.50847457627
6854.72542372881
6820.23050847458
6846.58983050847
6815.34915254237
6716.42033898305
6703.40338983051
6675.09152542373
6697.87118644068
6791.9186440678
6997.58644067797
7198.69830508475
7229.28813559322
7084.47457627119
6833.89830508475
6401.73559322034
5973.15254237288
5743.72881355932
5684.17627118644
5603.79661016949
5551.07796610169
5593.38305084746
5778.54915254237
6294.34576271186
6696.89491525424
6882.71186440678
6817.62711864407
6838.77966101695
6801.35593220339
6720.32542372881
6694.61694915254
6660.77288135593
6676.39322033898
6812.42033898305
6975.45762711864
7245.23389830508
7232.21694915254
7021.66779661017
6708.93559322034
6284.58305084746
5856.32542372881
5609.32881355932
5522.4406779661
5456.70508474576
5407.56610169492
5459.9593220339
5671.81016949152
6143.34915254237
6607.72881355932
6739.52542372881
6693.31525423729
6633.11186440678
6639.94576271186
6595.03728813559
6559.89152542373
6480.81355932203
6432.97627118644
6541.34237288136
6712.8406779661
6974.15593220339
7040.86779661017
6864.48813559322
6626.60338983051
6241.30169491525
5807.18644067797
5574.50847457627
5426.4406779661
5347.03728813559
5322.30508474576
5346.06101694915
5522.11525423729
5988.77288135593
6499.36271186441
6673.13898305085
6676.39322033898
6697.87118644068
6678.99661016949
6621.07118644068
6616.51525423729
6549.15254237288
6502.29152542373
6609.35593220339
6709.91186440678
6976.43389830508
7085.12542372881
6902.88813559322
6649.70847457627
6276.44745762712
5819.55254237288
5594.03389830508
5516.58305084746
5456.37966101695
5417.65423728813
5489.24745762712
5690.03389830508
6126.75254237288
6617.49152542373
6786.71186440678
6755.79661016949
6736.59661016949
6724.8813559322
6606.10169491525
6579.09152542373
6535.1593220339
6468.77288135593
6561.19322033898
6658.49491525424
6862.53559322034
6895.07796610169
6735.94576271186
6528.97627118644
6177.19322033898
5756.09491525424
5451.82372881356
5357.12542372881
5245.17966101695
5182.04745762712
5172.61016949153
5216.54237288136
5377.62711864407
5572.23050847458
5873.89830508475
6044.09491525424
6124.8
6092.25762711864
5981.93898305085
5831.59322033898
5658.46779661017
5630.15593220339
5717.69491525424
5875.2
6133.91186440678
6175.2406779661
6009.27457627119
5853.07118644068
5602.82033898305
5324.58305084746
5056.7593220339
4936.02711864407
4842.95593220339
4802.92881355932
4805.20677966102
4878.75254237288
4994.60338983051
5114.03389830508
5344.43389830508
5550.75254237288
5647.07796610169
5621.04406779661
5624.94915254237
5553.03050847458
5462.56271186441
5456.70508474576
5601.84406779661
5887.89152542373
6155.71525423729
6220.14915254237
6094.53559322034
5919.45762711864
5599.89152542373
5334.02033898305
5156.66440677966
5054.4813559322
5015.10508474576
5030.07457627119
5127.37627118644
5346.06101694915
5818.90169491525
6349.34237288136
6541.99322033898
6522.79322033898
6521.16610169491
6508.47457627119
6380.90847457627
6326.56271186441
6239.02372881356
6244.23050847458
6345.76271186441
6483.74237288136
6726.83389830508
6906.79322033898
6724.23050847458
6445.01694915254
6057.11186440678
5651.63389830508
5394.22372881356
5295.62033898305
5214.26440677966
5201.57288135593
5279.67457627119
5422.86101694915
5892.77288135593
6373.74915254237
6506.19661016949
6449.57288135593
6441.76271186441
6384.81355932203
6269.28813559322
6239.34915254237
6156.36610169491
6171.01016949152
6267.66101694915
6429.39661016949
6725.85762711864
6797.12542372881
6691.68813559322
6443.38983050847
6023.26779661017
5606.72542372881
5326.53559322034
5211.33559322034
5128.67796610169
5128.02711864407
5127.70169491525
5293.01694915254
5787.01016949152
6295.64745762712
6421.58644067797
6446.64406779661
6447.62033898305
6395.22711864407
6336.65084745763
6372.1220338983
6348.36610169491
6352.27118644068
6490.57627118644
6698.84745762712
6823.48474576271
6890.19661016949
6614.23728813559
6349.01694915254
5865.11186440678
5516.90847457627
5201.24745762712
5071.72881355932
5009.24745762712
4980.93559322034
5015.43050847458
5131.2813559322
5659.1186440678
6180.44745762712
6391.3220338983
6442.41355932203
6480.48813559322
6452.17627118644
6349.66779661017
6309.31525423729
6270.58983050847
6320.70508474576
6407.9186440678
6557.61355932203
6707.9593220339
6650.3593220339
6459.98644067797
6164.50169491525
5752.51525423729
5343.78305084746
4994.92881355932
4905.11186440678
4845.23389830508
4795.1186440678
4826.03389830508
4982.56271186441
5395.52542372881
5896.35254237288
6177.5186440678
6245.53220338983
6317.12542372881
6344.78644067797
6270.26440677966
6234.14237288136
6200.62372881356
6130.65762711864
6177.19322033898
6323.30847457627
6378.63050847458
6353.89830508475
6157.01694915254
5907.41694915254
5554.00677966102
5158.29152542373
4823.10508474576
4729.05762711864
4608.97627118644
4556.25762711864
4585.54576271186
4628.50169491525
4843.60677966102
5002.41355932203
5319.70169491525
5490.87457627119
5523.41694915254
5498.68474576271
5429.04406779661
5257.87118644068
5159.26779661017
5098.73898305085
5147.87796610169
5305.70847457627
5498.3593220339
5638.94237288136
5492.17627118644
5299.52542372881
5082.14237288136
4824.0813559322
4548.1220338983
4408.18983050847
4356.44745762712
4319.67457627119
4319.67457627119
4383.45762711864
4493.77627118644
4620.36610169491
4952.94915254237
5222.4
5375.34915254237
5416.67796610169
5427.74237288136
5328.81355932203
5233.46440677966
5211.66101694915
5326.21016949153
5528.29830508475
5714.4406779661
5790.58983050847
5625.27457627119
5468.42033898305
5194.73898305085
4947.09152542373
4719.29491525424
4661.04406779661
4606.37288135593
4597.91186440678
4664.29830508475
4838.4
5332.7186440678
5882.68474576271
6136.51525423729
6331.44406779661
6381.23389830508
6392.94915254237
6327.21355932203
6368.54237288136
6270.58983050847
6252.69152542373
6371.14576271186
6371.79661016949
6473.32881355932
6505.22033898305
6270.58983050847
5967.62033898305
5592.40677966102
5250.71186440678
5004.36610169491
4886.88813559322
4783.07796610169
4771.68813559322
4816.92203389831
4988.42033898305
5424.81355932203
5871.62033898305
6160.59661016949
6316.8
6427.44406779661
6439.48474576271
6389.36949152542
6387.09152542373
6367.2406779661
6383.18644067797
6483.09152542373
6598.94237288136
6723.90508474576
6820.23050847458
6626.92881355932
6342.18305084746
5993.65423728813
5617.46440677966
5314.82033898305
5203.52542372881
5096.78644067797
5074.00677966102
5104.92203389831
5292.36610169491
5656.8406779661
6067.52542372881
6354.54915254237
6392.29830508475
6476.90847457627
6451.85084745763
6394.90169491525
6387.41694915254
6334.37288135593
6316.14915254237
6353.89830508475
6459.33559322034
6632.78644067797
6791.9186440678
6635.38983050847
6360.0813559322
6032.70508474576
5601.5186440678
5315.14576271186
5183.34915254237
5086.04745762712
5035.60677966102
5094.18305084746
5289.76271186441
5675.71525423729
6002.11525423729
6216.24406779661
6267.33559322034
6316.14915254237
6349.34237288136
6252.36610169491
6172.63728813559
6074.3593220339
6081.5186440678
6134.23728813559
6238.04745762712
6490.25084745763
6628.8813559322
6487.3220338983
6276.1220338983
5980.63728813559
5649.35593220339
5325.23389830508
5201.57288135593
5058.71186440678
5064.24406779661
5148.85423728814
5356.14915254237
5721.6
6108.52881355932
6321.35593220339
6395.22711864407
6419.63389830508
6377.32881355932
6320.05423728814
6255.94576271186
6156.0406779661
6116.98983050847
6143.67457627119
6215.26779661017
6404.98983050847
6553.05762711864
6401.08474576271
6218.19661016949
5884.63728813559
5477.85762711864
5162.5220338983
5056.7593220339
4965.31525423729
4933.42372881356
4945.78983050847
5018.68474576271
5157.6406779661
5310.91525423729
5641.22033898305
5854.37288135593
5974.45423728814
5934.10169491525
5834.84745762712
5777.57288135593
5674.41355932203
5631.13220338983
5757.07118644068
5921.41016949153
6085.09830508475
6226.65762711864
6060.69152542373
5867.38983050847
5599.89152542373
5280.65084745763
5024.86779661017
4919.43050847458
4829.93898305085
4768.7593220339
4748.90847457627
4819.85084745763
4910.3186440678
5012.17627118644
5223.70169491525
5459.63389830508
5610.30508474576
5623.64745762712
5611.60677966102
5565.7220338983
5551.07796610169
5612.25762711864
5737.54576271186
5906.11525423729
6091.60677966102
6224.05423728814
6108.85423728813
5938.33220338983
5622.67118644068
5318.07457627119
5094.83389830508
5005.34237288136
4976.70508474576
5006.96949152542
5071.72881355932
5277.7220338983
5751.53898305085
6242.27796610169
6429.7220338983
6485.69491525424
6521.16610169491
6557.61355932203
6428.74576271186
6374.72542372881
6286.21016949152
6311.26779661017
6423.53898305085
6526.69830508475
6699.17288135593
6911.34915254237
6806.23728813559
6499.36271186441
6113.73559322034
5648.37966101695
5331.74237288136
5355.17288135593
5267.30847457627
5197.01694915254
5262.10169491525
5470.69830508475
5894.72542372881
6336
6522.79322033898
6529.95254237288
6542.3186440678
6500.33898305085
6378.30508474576
6325.58644067797
6280.02711864407
6275.47118644068
6401.08474576271
6500.33898305085
6664.02711864407
6887.26779661017
6673.78983050847
6391.64745762712
6026.84745762712
5539.03728813559
5317.42372881356
5179.44406779661
5110.77966101695
5065.54576271186
5108.17627118644
5256.56949152542
5765.20677966102
6240.32542372881
6429.39661016949
6396.20338983051
6387.41694915254
6378.63050847458
6322.65762711864
6276.44745762712
6225.6813559322
6253.01694915254
6356.50169491525
6543.94576271186
6665.65423728813
6774.99661016949
6593.73559322034
6319.72881355932
5933.45084745763
5464.18983050847
5218.82033898305
5087.67457627119
4991.67457627119
4970.5220338983
5033.00338983051
5145.27457627119
5598.91525423729
6122.19661016949
6333.39661016949
6322.65762711864
6310.94237288136
6329.81694915254
6249.76271186441
6239.34915254237
6180.77288135593
6172.31186440678
6284.25762711864
6409.87118644068
6539.38983050847
6666.30508474576
6504.56949152542
6223.40338983051
5863.1593220339
5427.74237288136
5203.85084745763
5080.8406779661
4947.74237288136
4897.30169491525
4962.38644067797
5139.74237288136
5556.61016949153
6075.98644067797
6315.49830508474
6296.29830508475
6281.97966101695
6244.55593220339
6148.23050847458
6104.29830508475
6079.56610169492
6001.78983050847
6068.17627118644
6190.21016949152
6233.49152542373
6292.7186440678
6235.44406779661
6014.80677966102
5637.31525423729
5224.67796610169
4919.75593220339
4757.36949152542
4650.95593220339
4589.12542372881
4586.84745762712
4674.06101694915
4810.41355932203
5114.68474576271
5458.00677966102
5653.26101694915
5742.75254237288
5738.19661016949
5712.81355932203
5599.89152542373
5522.11525423729
5502.26440677966
5550.75254237288
5625.6
5824.10847457627
5873.89830508475
5697.5186440678
5498.68474576271
5264.70508474576
4970.19661016949
4769.73559322034
4632.40677966102
4533.15254237288
4472.62372881356
4459.93220338983
4499.30847457627
4538.03389830508
4742.07457627119
5034.95593220339
5211.33559322034
5265.6813559322
5299.2
5320.35254237288
5262.75254237288
5171.9593220339
5157.6406779661
5253.31525423729
5389.34237288136
5500.96271186441
5876.82711864407
5811.41694915254
5622.34576271186
5339.22711864407
4998.83389830508
4841.65423728813
4712.13559322034
4712.78644067797
4743.70169491525
4813.01694915254
5023.2406779661
5393.89830508475
5932.14915254237
6119.59322033898
6129.6813559322
6160.27118644068
6134.88813559322
6045.07118644068
6000.16271186441
5914.25084745763
5929.54576271186
5987.14576271186
6038.88813559322
6160.59661016949
6422.88813559322
6280.02711864407
6033.6813559322
5603.14576271186
5204.17627118644
4887.53898305085
4816.92203389831
4748.25762711864
4704.32542372881
4813.34237288136
5018.68474576271
5410.16949152542
5920.43389830508
6083.79661016949
6057.43728813559
6034.98305084746
6016.43389830508
5963.06440677966
5938.65762711864
5893.74915254237
5862.50847457627
5910.67118644068
5965.01694915254
6087.37627118644
6287.51186440678
6216.56949152542
5952
5547.49830508474
5187.57966101695
4921.38305084746
4809.11186440678
4717.34237288136
4656.48813559322
4740.44745762712
4951.64745762712
5357.45084745763
5869.34237288136
6003.41694915254
6050.60338983051
6036.28474576271
6018.38644067797
5982.26440677966
5959.81016949152
5907.41694915254
5866.73898305085
5924.66440677966
5970.54915254237
6061.34237288136
6321.03050847458
6200.94915254237
5889.84406779661
5459.9593220339
5109.80338983051
4801.95254237288
4713.11186440678
4631.10508474576
4616.78644067797
4671.78305084746
4876.14915254237
5269.58644067797
5743.07796610169
5997.88474576271
5976.40677966102
5910.67118644068
5896.35254237288
5861.85762711864
5860.23050847458
5813.36949152542
5800.35254237288
5853.39661016949
5902.53559322034
6005.36949152542
6252.0406779661
6095.18644067797
5801.32881355932
5459.9593220339
5058.38644067797
4729.70847457627
4610.27796610169
4511.02372881356
4501.91186440678
4535.43050847458
4799.67457627119
5135.18644067797
5583.62033898305
5841.35593220339
5912.62372881356
5913.6
5935.40338983051
5882.3593220339
5846.23728813559
5823.45762711864
5763.25423728814
5859.90508474576
5916.20338983051
5902.53559322034
6020.01355932203
5861.53220338983
5567.02372881356
5211.98644067797
4823.10508474576
4533.15254237288
4406.23728813559
4293.96610169491
4227.90508474576
4200.56949152542
4305.35593220339
4459.2813559322
4737.5186440678
5012.82711864407
5298.87457627119
5438.80677966102
5448.56949152542
5417.65423728813
5344.7593220339
5305.70847457627
5265.6813559322
5350.29152542373
5463.86440677966
5517.88474576271
5566.04745762712
5386.41355932203
5252.33898305085
5018.3593220339
4765.17966101695
4556.25762711864
4372.06779661017
4282.25084745763
4261.74915254237
4322.60338983051
4391.9186440678
4471.64745762712
4636.63728813559
4920.0813559322
5030.72542372881
5118.26440677966
5153.73559322034
5079.21355932203
4978.65762711864
4924.31186440678
4987.76949152542
5056.7593220339
5089.30169491525
5282.27796610169
5591.10508474576
5438.4813559322
5187.25423728814
4844.58305084746
4609.95254237288
4444.63728813559
4435.2
4428.36610169491
4500.28474576271
4652.25762711864
5118.58983050847
5763.25423728814
6090.63050847458
6174.91525423729
6167.75593220339
6152.78644067797
6093.23389830508
6110.80677966102
6016.7593220339
6080.21694915254
6156.0406779661
6232.8406779661
6106.57627118644
6158.64406779661
6291.74237288136
6058.73898305085
5723.22711864407
5249.73559322034
4926.58983050847
4780.8
4747.2813559322
4671.13220338983
4698.79322033898
4890.79322033898
5382.18305084746
5937.6813559322
6130.00677966102
6078.58983050847
6137.49152542373
6175.2406779661
6070.12881355932
6078.91525423729
6120.56949152542
6140.74576271186
6186.30508474576
6265.05762711864
6165.80338983051
6178.82033898305
6371.79661016949
6217.87118644068
5861.85762711864
5392.92203389831
5066.84745762712
4924.96271186441
4854.67118644068
4811.71525423729
4861.83050847458
5053.83050847458
5570.60338983051
6088.02711864407
6267.66101694915
6253.66779661017
6279.37627118644
6251.71525423729
6245.20677966102
6163.85084745763
6191.18644067797
6162.54915254237
6283.60677966102
6217.87118644068
6166.45423728814
6185.32881355932
6372.44745762712
6176.54237288136
5776.92203389831
5312.21694915254
4962.71186440678
4830.26440677966
4759.3220338983
4732.96271186441
4760.29830508475
4973.77627118644
5419.60677966102
5921.08474576271
6126.42711864407
6055.1593220339
6102.99661016949
6058.08813559322
5964.69152542373
5907.74237288136
5873.57288135593
5823.13220338983
5844.61016949153
5779.52542372881
5710.21016949153
5743.07796610169
6020.98983050847
5908.39322033898
5523.74237288136
5070.42711864407
4745.32881355932
4574.80677966102
4501.91186440678
4484.01355932203
4548.77288135593
4753.78983050847
5181.07118644068
5774.96949152542
6084.1220338983
6124.47457627119
6248.46101694915
6266.3593220339
6203.55254237288
6113.41016949153
6080.21694915254
6058.08813559322
6071.75593220339
6036.28474576271
5999.83728813559
5988.44745762712
6102.34576271186
5932.8
5588.50169491525
5161.22033898305
4880.05423728814
4682.84745762712
4610.92881355932
4575.13220338983
4615.81016949152
4692.28474576271
4837.09830508475
5051.87796610169
5401.70847457627
5609.65423728813
5654.88813559322
5650.33220338983
5593.05762711864
5461.58644067797
5355.49830508474
5212.96271186441
5217.5186440678
5248.10847457627
5191.48474576271
5243.87796610169
5557.91186440678
5500.63728813559
5243.87796610169
4985.16610169491
4738.16949152542
4566.02033898305
4501.91186440678
4441.38305084746
4435.52542372881
4510.04745762712
4591.07796610169
4716.0406779661
4923.98644067797
5104.92203389831
5198.3186440678
5262.75254237288
5246.80677966102
5177.81694915254
5093.85762711864
5070.10169491525
5113.38305084746
5151.45762711864
5115.01016949152
5246.80677966102
5577.43728813559
5499.66101694915
5186.27796610169
4887.53898305085
4654.86101694915
4551.05084745763
4520.13559322034
4535.10508474576
4597.58644067797
4812.69152542373
5271.86440677966
5834.5220338983
6018.06101694915
6052.8813559322
6022.29152542373
6010.25084745763
5932.47457627119
5934.75254237288
5871.62033898305
5812.06779661017
5850.14237288136
5866.41355932203
5797.09830508475
5840.37966101695
6011.55254237288
5883.33559322034
5469.39661016949
5021.61355932203
4751.51186440678
4603.76949152542
4552.35254237288
4479.13220338983
4510.69830508475
4684.14915254237
5193.76271186441
5691.01016949152
5907.09152542373
5886.26440677966
5888.54237288136
5866.08813559322
5801.65423728813
5790.26440677966
5744.05423728814
5733.31525423729
5773.99322033898
5764.55593220339
5675.06440677966
5689.05762711864
5938.33220338983
5841.03050847458
5393.24745762712
4924.63728813559
4655.18644067797
4499.63389830508
4430.96949152542
4350.26440677966
4388.98983050847
4586.19661016949
5069.77627118644
5649.6813559322
5867.38983050847
5914.90169491525
5940.93559322034
5954.92881355932
5953.95254237288
5988.77288135593
5910.99661016949
5888.21694915254
6011.55254237288
6090.95593220339
6082.82033898305
6004.7186440678
6011.87796610169
5812.7186440678
5439.13220338983
4980.93559322034
4669.50508474576
4527.29491525424
4464.16271186441
4392.56949152542
4431.62033898305
4616.13559322034
5099.38983050847
5593.38305084746
5826.38644067797
5871.29491525424
5883.01016949152
5893.74915254237
5863.1593220339
5802.95593220339
5754.14237288136
5713.13898305085
5683.85084745763
5626.57627118644
5503.56610169492
5462.23728813559
5710.86101694915
5608.02711864407
5224.35254237288
4745.32881355932
4457.97966101695
4258.16949152542
4190.15593220339
4119.21355932203
4101.31525423729
4148.82711864407
4287.45762711864
4393.87118644068
4661.69491525424
4898.92881355932
5044.39322033898
5098.73898305085
5118.58983050847
5041.46440677966
4944.16271186441
4833.84406779661
4884.28474576271
4939.60677966102
4880.70508474576
4936.02711864407
5093.53220338983
4990.69830508475
4733.93898305085
4426.41355932203
4239.94576271186
4040.46101694915
3951.29491525424
3911.59322033898
3928.8406779661
4015.07796610169
4228.8813559322
4397.12542372881
4676.33898305085
4913.24745762712
5021.93898305085
5022.91525423729
5025.5186440678
4905.43728813559
4852.39322033898
4756.7186440678
4829.93898305085
4848.16271186441
4798.69830508475
4803.25423728814
5035.60677966102
4972.8
4789.26101694915
4515.25423728814
4242.87457627119
4094.80677966102
4025.81694915254
3960.73220338983
3968.86779661017
3967.89152542373
4060.96271186441
4245.47796610169
4497.35593220339
4706.27796610169
4791.53898305085
4839.70169491525
4811.71525423729
4768.7593220339
4689.35593220339
4642.82033898305
4609.95254237288
4620.69152542373
4550.07457627119
4618.73898305085
4937.65423728813
4911.62033898305
4733.93898305085
4517.53220338983
4324.23050847458
4203.49830508475
4183.3220338983
4162.49491525424
4160.54237288136
4347.98644067797
4667.22711864407
5056.7593220339
5433.92542372881
5601.19322033898
5725.83050847458
5740.47457627119
5745.35593220339
5672.78644067797
5601.84406779661
5594.3593220339
5619.41694915254
5651.63389830508
5511.05084745763
5492.17627118644
5746.98305084746
5708.25762711864
5255.59322033898
4866.71186440678
4596.28474576271
4411.44406779661
4339.2
4304.05423728814
4365.23389830508
4576.43389830508
5025.19322033898
5524.7186440678
5715.41694915254
5767.1593220339
5806.21016949153
5803.60677966102
5778.54915254237
5755.44406779661
5700.1220338983
5663.34915254237
5705.65423728813
5688.73220338983
5584.59661016949
5553.6813559322
5814.99661016949
5747.63389830508
5316.77288135593
4872.56949152542
4536.0813559322
4397.45084745763
4354.49491525424
4307.30847457627
4338.54915254237
4516.55593220339
4950.02033898305
5409.19322033898
5607.37627118644
5650.98305084746
5712.48813559322
5760.97627118644
5757.07118644068
5745.6813559322
5696.54237288136
5680.92203389831
5762.60338983051
5754.14237288136
5626.57627118644
5564.09491525424
5748.93559322034
5706.63050847458
5299.2
4847.18644067797
4550.4
4366.21016949153
4282.90169491525
4226.60338983051
4204.8
4395.49830508475
4813.01694915254
5325.5593220339
5589.80338983051
5642.5220338983
5729.08474576271
5770.08813559322
5776.27118644068
5796.44745762712
5751.21355932203
5728.43389830508
5770.73898305085
5737.87118644068
5624.29830508475
5564.09491525424
5751.21355932203
5740.8
5281.30169491525
4841.65423728813
4511.67457627119
4358.07457627119
4293.31525423729
4236.0406779661
4236.0406779661
4398.42711864407
4827.33559322034
5345.41016949153
5587.85084745763
5741.12542372881
5789.28813559322
5778.54915254237
5789.93898305085
5742.75254237288
5783.10508474576
5693.93898305085
5644.8
5595.98644067797
5490.54915254237
5488.27118644068
5631.13220338983
5524.06779661017
5158.94237288136
4683.82372881356
4347.66101694915
4187.87796610169
4118.56271186441
4069.74915254237
4061.28813559322
4109.77627118644
4262.72542372881
4492.14915254237
4859.87796610169
5191.48474576271
5349.6406779661
5400.73220338983
5430.99661016949
5353.54576271186
5277.7220338983
5235.09152542373
5279.67457627119
5282.27796610169
5239.3220338983
5189.85762711864
5268.28474576271
5188.23050847458
4948.06779661017
4623.62033898305
4330.73898305085
4139.71525423729
4065.5186440678
4031.34915254237
4012.14915254237
4067.14576271186
4124.42033898305
4318.69830508475
4594.65762711864
4874.19661016949
5118.58983050847
5197.01694915254
5295.94576271186
5305.70847457627
5255.9186440678
5311.2406779661
5376
5436.85423728813
5399.43050847458
5381.85762711864
5492.82711864407
5394.22372881356
5119.56610169492
4779.17288135593
4499.30847457627
4361.00338983051
4344.73220338983
4321.30169491525
4327.81016949152
4541.28813559322
4988.74576271186
5567.67457627119
5889.19322033898
5945.16610169491
6031.07796610169
6044.09491525424
6008.29830508475
5990.72542372881
5921.73559322034
5870.96949152542
5974.77966101695
5953.95254237288
5808.16271186441
5740.47457627119
5877.47796610169
5844.93559322034
5442.38644067797
4985.49152542373
4678.94237288136
4485.6406779661
4426.08813559322
4379.87796610169
4426.08813559322
4575.78305084746
5006.64406779661
5676.0406779661
5979.66101694915
6057.11186440678
6116.66440677966
6048.97627118644
5962.73898305085
5935.72881355932
5857.95254237288
5834.19661016949
5907.74237288136
5869.66779661017
5766.18305084746
5689.05762711864
5894.07457627119
5981.61355932203
5600.54237288136
5113.70847457627
4787.30847457627
4636.96271186441
4586.84745762712
4540.63728813559
4567.3220338983
4777.54576271186
5175.86440677966
5688.40677966102
5916.85423728813
5922.71186440678
5886.91525423729
5893.42372881356
5839.40338983051
5825.73559322034
5746.65762711864
5707.60677966102
5805.5593220339
5837.77627118644
5687.10508474576
5682.22372881356
5856
5824.7593220339
5440.7593220339
4912.59661016949
4608.32542372881
4496.05423728814
4450.16949152542
4422.50847457627
4485.96610169491
4682.19661016949
5048.62372881356
5542.29152542373
5814.99661016949
5833.22033898305
5820.52881355932
5782.12881355932
5758.37288135593
5762.27796610169
5705.65423728813
5671.1593220339
5714.4406779661
5723.22711864407
5611.2813559322
5588.50169491525
5773.99322033898
5869.66779661017
5496.40677966102
5031.37627118644
4699.1186440678
4560.48813559322
4484.33898305085
4424.78644067797
4487.59322033898
4695.53898305085
5038.86101694915
5615.18644067797
5814.02033898305
5781.15254237288
5871.62033898305
5831.59322033898
5780.17627118644
5711.51186440678
5647.07796610169
5616.16271186441
5587.85084745763
5492.50169491525
5401.70847457627
5356.47457627119
5534.4813559322
5617.13898305085
5275.1186440678
4860.85423728814
4523.71525423729
4320.97627118644
4278.99661016949
4224
4215.53898305085
4266.30508474576
4365.23389830508
4616.46101694915
4927.56610169492
5114.68474576271
5179.1186440678
5174.88813559322
5138.76610169492
5018.3593220339
4932.1220338983
4887.53898305085
4858.25084745763
4903.48474576271
4859.55254237288
4757.04406779661
4968.89491525424
5049.92542372881
4807.81016949152
4493.12542372881
4229.20677966102
4089.6
3987.09152542373
3941.85762711864
3917.12542372881
3953.24745762712
4032.97627118644
4155.98644067797
4442.3593220339
4644.77288135593
4790.23728813559
4816.59661016949
4837.74915254237
4789.58644067797
4722.54915254237
4711.1593220339
4790.88813559322
4875.82372881356
4856.94915254237
4853.04406779661
5084.09491525424
5189.20677966102
4846.21016949153
4495.40338983051
4260.44745762712
4154.3593220339
4125.39661016949
4110.10169491525
4151.10508474576
4337.57288135593
4712.78644067797
5313.5186440678
5611.2813559322
5662.69830508475
5761.95254237288
5776.92203389831
5789.28813559322
5763.90508474576
5738.84745762712
5719.3220338983
5776.59661016949
5748.28474576271
5629.83050847458
5546.84745762712
5746.98305084746
5644.8
5192.13559322034
4814.3186440678
4469.36949152542
4307.63389830508
4218.79322033898
4140.69152542373
4195.03728813559
4375.3220338983
4707.90508474576
5242.57627118644
5586.54915254237
5630.80677966102
5694.58983050847
5706.63050847458
5721.92542372881
5746.33220338983
5743.40338983051
5703.05084745763
5741.12542372881
5698.49491525424
5581.99322033898
5463.86440677966
5646.75254237288
5607.05084745763
5228.90847457627
4776.24406779661
4449.84406779661
4284.20338983051
4141.99322033898
4110.42711864407
4122.14237288136
4326.50847457627
4687.40338983051
5216.54237288136
5520.48813559322
5626.25084745763
5712.16271186441
5790.26440677966
5759.34915254237
5778.87457627119
5768.78644067797
5766.50847457627
5810.4406779661
5801.32881355932
5648.05423728814
5539.68813559322
5638.29152542373
5721.27457627119
5292.0406779661
4796.42033898305
4516.55593220339
4309.26101694915
4182.99661016949
4137.76271186441
4147.85084745763
4361.97966101695
4710.18305084746
5252.98983050847
5559.86440677966
5642.19661016949
5794.16949152542
5878.12881355932
5814.34576271186
5865.76271186441
5824.43389830508
5877.80338983051
5844.93559322034
5865.43728813559
5696.54237288136
5596.31186440678
5701.42372881356
5754.14237288136
5295.29491525424
4827.98644067797
4512.97627118644
4329.76271186441
4243.2
4170.30508474576
4185.6
4339.85084745763
4719.94576271186
5227.60677966102
5551.72881355932
5662.69830508475
5766.18305084746
5836.14915254237
5756.42033898305
5741.45084745763
5666.27796610169
5590.45423728814
5562.79322033898
5492.17627118644
5411.79661016949
5414.07457627119
5480.78644067797
5405.93898305085
5052.20338983051
4635.33559322034
4319.67457627119
4151.43050847458
4052.82711864407
4003.36271186441
4006.94237288136
3990.67118644068
4192.7593220339
4427.38983050847
4807.48474576271
5013.15254237288
5126.72542372881
5159.26779661017
5092.55593220339
5001.11186440678
4913.57288135593
4861.50508474576
4856.62372881356
4913.57288135593
4846.53559322034
4787.9593220339
4843.60677966102
4989.07118644068
4767.13220338983
4490.84745762712
4250.68474576271
4082.76610169492
4041.76271186441
3999.78305084746
3995.55254237288
4050.87457627119
4019.9593220339
4267.60677966102
4505.49152542373
4734.58983050847
4883.63389830508
4956.85423728814
4915.85084745763
4840.02711864407
4781.12542372881
4781.45084745763
4880.05423728814
4943.18644067797
4947.74237288136
4932.1220338983
5107.52542372881
5200.59661016949
4854.34576271186
4567.3220338983
4292.01355932203
4219.44406779661
4178.11525423729
4182.99661016949
4208.37966101695
4444.31186440678
4719.62033898305
5314.16949152542
5605.42372881356
5659.1186440678
5798.4
5801.32881355932
5826.71186440678
5849.16610169491
5798.4
5758.69830508475
5823.78305084746
5838.75254237288
5667.90508474576
5581.99322033898
5647.72881355932
5680.92203389831
5308.63728813559
4806.50847457627
4471.64745762712
4296.89491525424
4225.30169491525
4189.17966101695
4214.88813559322
4384.7593220339
4697.16610169491
5270.23728813559
5597.28813559322
5685.15254237288
5779.52542372881
5813.36949152542
5803.2813559322
5854.37288135593
5829.96610169491
5820.52881355932
5930.84745762712
5851.76949152542
5654.23728813559
5570.27796610169
5693.28813559322
5743.07796610169
5295.62033898305
4816.27118644068
4447.2406779661
4322.60338983051
4236.36610169491
4135.48474576271
4168.67796610169
4347.01016949152
4712.46101694915
5294.96949152542
5636.66440677966
5743.72881355932
5842.00677966102
5887.2406779661
5906.76610169492
5947.44406779661
5947.76949152542
5924.33898305085
5956.23050847458
5896.35254237288
5713.13898305085
5636.66440677966
5770.73898305085
5739.82372881356
5371.76949152542
4864.7593220339
4538.3593220339
4373.69491525424
4298.84745762712
4266.95593220339
4273.78983050847
4422.83389830508
4802.92881355932
5341.50508474576
5685.15254237288
5785.70847457627
5896.67796610169
5873.24745762712
5874.22372881356
5870.96949152542
5818.57627118644
5812.39322033898
5864.46101694915
5834.5220338983
5815.97288135593
5788.63728813559
5897.97966101695
5760.97627118644
5354.19661016949
4879.72881355932
4523.71525423729
4404.61016949153
4339.85084745763
4286.15593220339
4296.89491525424
4494.42711864407
4820.82711864407
5361.35593220339
5683.2
5764.23050847458
5844.61016949153
5862.50847457627
5806.53559322034
5811.09152542373
5717.69491525424
5641.22033898305
5614.53559322034
5610.30508474576
5505.19322033898
5395.85084745763
5418.95593220339
5531.22711864407
5188.55593220339
4683.82372881356
4368.48813559322
4200.56949152542
4113.03050847458
4035.90508474576
4019.30847457627
4034.60338983051
4164.1220338983
4429.01694915254
4780.47457627119
5044.39322033898
5169.6813559322
5180.42033898305
5172.28474576271
5079.53898305085
4980.61016949153
4887.53898305085
4933.42372881356
4987.1186440678
4919.75593220339
4881.03050847458
5010.22372881356
4987.1186440678
4706.60338983051
4396.8
4119.21355932203
3980.58305084746
3888.81355932203
3856.92203389831
3855.94576271186
3874.82033898305
3843.90508474576
4096.43389830508
4374.34576271186
4646.4
4811.71525423729
4875.17288135593
4847.83728813559
4847.83728813559
4763.87796610169
4774.61694915254
4815.94576271186
4820.50169491525
4725.47796610169
4807.48474576271
4998.50847457627
5111.75593220339
4892.09491525424
4551.70169491525
4315.1186440678
4146.22372881356
4120.8406779661
4105.22033898305
4147.85084745763
4312.51525423729
4716.0406779661
5255.59322033898
5549.12542372881
5690.3593220339
5776.92203389831
5804.90847457627
5815.3220338983
5801.97966101695
5762.92881355932
5738.19661016949
5777.89830508475
5811.09152542373
5721.6
5655.21355932203
5760
5705.00338983051
5247.45762711864
4867.36271186441
4524.69152542373
4366.53559322034
4275.74237288136
4166.4
4177.46440677966
4391.9186440678
4749.5593220339
5336.29830508475
5677.99322033898
5707.2813559322
5800.35254237288
5840.37966101695
5822.15593220339
5800.02711864407
5778.22372881356
5760.65084745763
5817.27457627119
5833.22033898305
5702.4
5603.47118644068
5668.23050847458
5677.99322033898
5276.09491525424
4865.08474576271
4533.80338983051
4361.97966101695
4313.81694915254
4245.80338983051
4254.26440677966
4420.55593220339
4750.86101694915
5302.12881355932
5519.83728813559
5648.70508474576
5745.03050847458
5808.81355932203
5802.30508474576
5826.38644067797
5802.63050847458
5801.00338983051
5799.05084745763
5786.3593220339
5655.53898305085
5581.99322033898
5596.96271186441
5570.27796610169
5225.00338983051
4845.5593220339
4477.83050847458
4269.23389830508
4187.87796610169
4167.37627118644
4238.96949152542
4379.22711864407
4728.40677966102
5316.1220338983
5627.55254237288
5728.10847457627
5831.9186440678
5853.07118644068
5801.00338983051
5756.42033898305
5709.5593220339
5679.62033898305
5747.9593220339
5746.00677966102
5615.18644067797
5544.24406779661
5662.37288135593
5650.33220338983
5250.06101694915
4808.13559322034
4445.93898305085
4244.82711864407
4161.19322033898
4154.3593220339
4211.63389830508
4355.79661016949
4665.92542372881
5208.0813559322
5503.56610169492
5635.68813559322
5675.71525423729
5691.33559322034
5625.6
5589.15254237288
5525.36949152542
5449.54576271186
5449.22033898305
5496.73220338983
5490.22372881356
5400.40677966102
5452.47457627119
5395.2
5112.73220338983
4686.75254237288
4339.52542372881
4184.62372881356
4090.57627118644
4045.99322033898
4025.49152542373
4032.32542372881
4127.02372881356
4340.17627118644
4729.70847457627
4957.17966101695
5072.70508474576
5090.60338983051
5084.74576271186
4998.50847457627
4922.03389830508
4847.18644067797
4872.56949152542
4909.66779661017
4842.30508474576
4715.38983050847
4787.63389830508
4934.07457627119
4734.26440677966
4478.15593220339
4255.2406779661
4085.04406779661
4004.01355932203
3960.0813559322
3948.69152542373
3970.49491525424
3988.39322033898
4172.90847457627
4437.80338983051
4709.20677966102
4890.46779661017
4962.06101694915
4985.16610169491
4932.44745762712
4873.54576271186
4823.10508474576
4867.68813559322
4893.7220338983
4854.34576271186
4811.06440677966
4867.68813559322
4962.06101694915
4726.45423728814
4468.06779661017
4240.92203389831
4092.85423728814
4034.92881355932
3981.88474576271
4007.9186440678
4045.99322033898
4039.1593220339
4247.43050847458
4467.41694915254
4746.30508474576
4962.06101694915
5079.86440677966
5080.51525423729
4971.17288135593
4863.13220338983
4833.5186440678
4901.85762711864
5018.68474576271
4979.63389830508
4991.02372881356
5050.57627118644
5229.88474576271
4960.7593220339
4629.15254237288
4376.62372881356
4236.0406779661
4179.74237288136
4198.94237288136
4274.11525423729
4459.2813559322
4808.46101694915
5404.63728813559
5690.03389830508
5733.6406779661
5773.34237288136
5790.58983050847
5751.86440677966
5737.54576271186
5765.20677966102
5757.7220338983
5757.39661016949
5735.26779661017
5616.81355932203
5488.27118644068
5552.05423728814
5672.46101694915
5353.22033898305
4868.98983050847
4514.60338983051
4335.94576271186
4277.69491525424
4238.3186440678
4290.38644067797
4439.10508474576
4761.27457627119
5326.86101694915
5615.51186440678
5693.61355932203
5804.90847457627
5859.90508474576
5867.06440677966
5869.34237288136
5843.63389830508
5843.63389830508
5906.11525423729
5850.14237288136
5745.03050847458
5665.95254237288
5726.15593220339
5756.42033898305
5377.95254237288
4939.60677966102
4592.05423728814
4443.33559322034
4325.85762711864
4257.19322033898
4244.17627118644
4374.99661016949
4690.33220338983
5285.85762711864
5635.68813559322
5728.7593220339
5851.76949152542
5897.00338983051
5922.06101694915
5921.08474576271
5950.69830508475
5911.3220338983
5964.36610169491
5893.42372881356
5784.73220338983
5643.17288135593
5700.77288135593
5835.49830508474
5459.9593220339
5024.54237288136
4661.69491525424
4478.4813559322
4382.15593220339
4329.43728813559
4353.19322033898
4470.34576271186
4768.7593220339
5372.42033898305
5759.67457627119
5917.17966101695
6040.51525423729
6060.69152542373
6014.80677966102
5997.5593220339
5944.51525423729
5918.80677966102
5930.5220338983
5855.67457627119
5738.5220338983
5605.74915254237
5555.9593220339
5577.11186440678
5366.88813559322
4811.06440677966
4476.52881355932
4257.84406779661
4177.13898305085
4082.4406779661
4065.84406779661
4088.29830508475
4096.43389830508
4363.93220338983
4763.87796610169
5051.22711864407
5231.18644067797
5259.49830508474
5265.03050847458
5232.81355932203
5208.0813559322
5160.56949152542
5162.5220338983
5222.72542372881
5180.42033898305
5067.17288135593
5019.98644067797
5189.20677966102
5033.65423728813
4709.85762711864
4357.42372881356
4125.39661016949
4047.29491525424
3985.78983050847
3956.17627118644
3942.83389830508
3926.88813559322
4185.27457627119
4540.31186440678
4858.25084745763
5102.64406779661
5288.13559322034
5384.46101694915
5410.82033898305
5413.09830508475
5447.59322033898
5488.92203389831
5557.91186440678
5491.52542372881
5426.11525423729
5583.29491525424
5720.94915254237
5495.10508474576
5096.78644067797
4764.52881355932
4570.25084745763
4491.17288135593
4415.67457627119
4451.47118644068
4616.46101694915
4951.97288135593
5644.47457627119
6125.45084745763
6456.0813559322
6762.63050847458
6981.6406779661
7121.89830508475
7323.01016949152
7409.24745762712
7432.67796610169
7546.57627118644
7594.73898305085
7545.6
7464.56949152542
7356.20338983051
7505.89830508475
7072.43389830508
6321.6813559322
5975.43050847458
5641.87118644068
5493.47796610169
5331.09152542373
5207.75593220339
5281.62711864407
5664.97627118644
6322.33220338983
6793.54576271186
7120.27118644068
7485.7220338983
7699.2
7799.43050847458
7944.89491525424
8039.26779661017
8062.04745762712
8089.05762711864
7927.97288135593
7748.33898305085
7677.07118644068
7530.63050847458
7601.89830508475
7116.69152542373
6437.53220338983
5900.90847457627
5600.54237288136
5431.64745762712
5245.17966101695
5201.24745762712
5308.63728813559
5619.41694915254
6246.83389830508
6658.82033898305
6808.8406779661
7041.5186440678
7226.68474576271
7305.11186440678
7457.41016949153
7518.91525423729
7571.9593220339
7700.17627118644
7526.4
7205.53220338983
6953.32881355932
6810.79322033898
6820.55593220339
6463.2406779661
5854.37288135593
5385.11186440678
5168.37966101695
5016.73220338983
4896
4889.81694915254
5030.4
5398.45423728814
6048
6365.28813559322
6464.86779661017
6499.68813559322
6555.66101694915
6464.86779661017
6531.25423728814
6520.51525423729
6559.89152542373
6580.7186440678
6612.61016949153
6454.77966101695
6320.05423728814
6228.28474576271
6317.12542372881
5948.42033898305
5388.36610169491
4890.79322033898
4694.56271186441
4539.01016949152
4513.95254237288
4539.66101694915
4709.53220338983
5031.05084745763
5657.16610169491
5985.19322033898
6185.65423728813
6330.79322033898
6373.42372881356
6399.78305084746
6419.30847457627
6348.69152542373
6252.0406779661
6247.81016949152
6223.07796610169
6022.61694915254
5881.70847457627
5846.88813559322
5842.98305084746
5484.0406779661
5094.83389830508
4707.57966101695
4519.81016949152
4317.72203389831
4193.08474576271
4196.98983050847
4249.70847457627
4300.8
4503.86440677966
4922.3593220339
5201.57288135593
5413.09830508475
5463.86440677966
5487.94576271186
5438.15593220339
5321.00338983051
5286.83389830508
5313.19322033898
5339.22711864407
5216.21694915254
5103.29491525424
5077.58644067797
5155.68813559322
4956.85423728814
4645.74915254237
4376.29830508475
4170.95593220339
4082.11525423729
4028.74576271186
3982.53559322034
3981.88474576271
3990.99661016949
4188.52881355932
4501.26101694915
4743.37627118644
4948.06779661017
5068.47457627119
5115.01016949152
5089.62711864407
5090.60338983051
5094.18305084746
5171.30847457627
5303.43050847458
5258.84745762712
5182.69830508475
5225.65423728813
5404.96271186441
5169.03050847458
4794.46779661017
4537.38305084746
4325.53220338983
4237.99322033898
4214.56271186441
4243.2
4373.04406779661
4750.53559322034
5365.91186440678
5815.3220338983
6044.74576271186
6223.40338983051
6319.72881355932
6378.30508474576
6409.54576271186
6445.01694915254
6491.87796610169
6520.18983050847
6490.90169491525
6379.93220338983
6222.75254237288
6168.40677966102
6191.83728813559
5781.80338983051
5290.73898305085
4865.73559322034
4615.48474576271
4516.23050847458
4432.92203389831
4412.42033898305
4504.8406779661
4865.73559322034
5480.46101694915
5872.92203389831
6094.86101694915
6326.23728813559
6407.9186440678
6398.4813559322
6518.23728813559
6538.08813559322
6560.54237288136
6659.79661016949
6657.5186440678
6396.52881355932
6237.07118644068
6167.10508474576
6228.93559322034
5847.86440677966
5299.2
4896
4681.54576271186
4578.06101694915
4496.70508474576
4445.28813559322
4565.04406779661
4881.35593220339
5558.23728813559
6007.64745762712
6210.38644067797
6405.31525423729
6590.4813559322
6608.37966101695
6682.90169491525
6745.38305084746
6851.14576271186
6914.92881355932
6888.56949152542
6753.19322033898
6488.94915254237
6375.70169491525
6399.45762711864
6028.14915254237
5513.65423728813
5079.53898305085
4808.46101694915
4686.10169491525
4590.42711864407
4555.93220338983
4667.87796610169
5034.95593220339
5640.24406779661
6052.8813559322
6303.78305084746
6402.71186440678
6459.66101694915
6504.89491525424
6639.29491525424
6523.44406779661
6552.73220338983
6637.99322033898
6567.37627118644
6380.58305084746
6192.16271186441
6090.95593220339
6173.61355932203
5783.10508474576
5261.12542372881
4841.97966101695
4642.82033898305
4586.19661016949
4470.99661016949
4455.70169491525
4587.49830508475
4917.47796610169
5492.82711864407
5880.73220338983
6017.73559322034
6129.35593220339
6185.65423728813
6134.56271186441
6140.74576271186
6018.06101694915
6009.6
5904.81355932203
5810.4406779661
5617.13898305085
5465.16610169491
5456.05423728814
5465.81694915254
5226.30508474576
4859.55254237288
4532.50169491525
4303.72881355932
4158.26440677966
4059.98644067797
4030.37288135593
4043.06440677966
4110.10169491525
4419.25423728814
4792.8406779661
5049.27457627119
5160.24406779661
5186.27796610169
5158.61694915254
5100.69152542373
5028.1220338983
4953.92542372881
4975.07796610169
5035.60677966102
4941.5593220339
4839.70169491525
4830.58983050847
4954.57627118644
4843.2813559322
4512.32542372881
4265.32881355932
4087.97288135593
4009.87118644068
3950.96949152542
3899.22711864407
3892.39322033898
3897.92542372881
4139.71525423729
4451.14576271186
4723.85084745763
4832.86779661017
4951.3220338983
4985.81694915254
4963.36271186441
4930.82033898305
4951.3220338983
5073.35593220339
5120.54237288136
5033.97966101695
5018.68474576271
5074.33220338983
5187.25423728814
4996.8813559322
4660.7186440678
4394.19661016949
4267.60677966102
4211.63389830508
4190.15593220339
4210.33220338983
4346.3593220339
4750.53559322034
5316.77288135593
5633.73559322034
5752.8406779661
5919.78305084746
5985.5186440678
6002.76610169492
6051.57966101695
6055.1593220339
6058.08813559322
6070.45423728814
6047.34915254237
5914.25084745763
5773.34237288136
5722.57627118644
5805.88474576271
5548.14915254237
5028.77288135593
4614.83389830508
4476.52881355932
4404.28474576271
4308.93559322034
4303.07796610169
4448.86779661017
4800.97627118644
5379.90508474576
5756.09491525424
5881.38305084746
6053.20677966102
6136.18983050847
6146.92881355932
6155.71525423729
6147.25423728814
6167.10508474576
6215.59322033898
6157.66779661017
5997.5593220339
5842.33220338983
5859.90508474576
5907.74237288136
5643.17288135593
5120.86779661017
4723.2
4553.32881355932
4496.70508474576
4388.01355932203
4368.16271186441
4549.09830508475
4808.78644067797
5410.82033898305
5807.51186440678
6006.02033898305
6172.96271186441
6267.66101694915
6272.54237288136
6277.42372881356
6227.63389830508
6261.47796610169
6319.72881355932
6307.36271186441
6177.5186440678
5998.86101694915
6000.81355932203
6029.45084745763
5731.36271186441
5255.9186440678
4836.77288135593
4619.71525423729
4512.32542372881
4449.19322033898
4428.0406779661
4522.73898305085
4866.06101694915
5482.73898305085
5871.94576271186
6035.63389830508
6217.87118644068
6310.61694915254
6363.98644067797
6485.36949152542
6465.19322033898
6532.8813559322
6551.10508474576
6544.27118644068
6414.10169491525
6284.25762711864
6233.49152542373
6234.79322033898
5905.13898305085
5416.67796610169
5042.4406779661
4770.06101694915
4627.2
4522.41355932203
4453.09830508475
4602.79322033898
4915.52542372881
5540.33898305085
5978.3593220339
6219.17288135593
6458.03389830508
6610.33220338983
6647.43050847458
6668.25762711864
6698.84745762712
6691.36271186441
6768.48813559322
6745.70847457627
6575.18644067797
6289.13898305085
6168.40677966102
6212.33898305085
6001.46440677966
5444.66440677966
5024.21694915254
4774.29152542373
4690.98305084746
4567.97288135593
4515.57966101695
4533.47796610169
4644.77288135593
5027.47118644068
5486.96949152542
6010.57627118644
6373.09830508475
6575.51186440678
6725.85762711864
6803.30847457627
6863.83728813559
6957.88474576271
7006.37288135593
7040.54237288136
6923.38983050847
6720
6554.68474576271
6520.18983050847
6409.54576271186
5951.67457627119
5502.26440677966
5163.82372881356
4985.49152542373
4839.70169491525
4715.06440677966
4661.04406779661
4580.33898305085
4997.53220338983
5501.28813559322
6049.95254237288
6431.34915254237
6747.01016949152
6840.73220338983
6922.73898305085
6916.8813559322
6957.23389830508
7007.02372881356
6983.26779661017
6833.57288135593
6669.5593220339
6638.96949152542
6788.66440677966
6638.3186440678
6071.10508474576
5651.63389830508
5436.85423728813
5307.98644067797
5155.03728813559
5078.88813559322
5224.67796610169
5577.11186440678
6184.67796610169
6545.89830508475
6713.16610169491
6985.22033898305
7221.80338983051
7313.24745762712
7437.5593220339
7447.3220338983
7366.94237288136
7365.31525423729
7310.96949152542
7092.61016949153
6817.95254237288
6680.94915254237
6639.29491525424
6250.08813559322
5726.80677966102
5280
5030.07457627119
4891.44406779661
4723.52542372881
4738.49491525424
4859.22711864407
5237.04406779661
5834.19661016949
6166.12881355932
6345.11186440678
6492.52881355932
6540.36610169491
6558.26440677966
6591.13220338983
6613.91186440678
6631.81016949152
6696.89491525424
6661.09830508475
6504.89491525424
6246.50847457627
6095.83728813559
6152.78644067797
5842.00677966102
5328.81355932203
4852.06779661017
4730.3593220339
4557.23389830508
4451.79661016949
4437.80338983051
4582.29152542373
4983.86440677966
5539.68813559322
5889.5186440678
6062.96949152542
6252.36610169491
6367.56610169492
6371.14576271186
6418.65762711864
6408.89491525424
6398.80677966102
6414.10169491525
6434.27796610169
6301.50508474576
6152.78644067797
6161.24745762712
6200.94915254237
5943.53898305085
5462.88813559322
5074.98305084746
4868.01355932203
4889.49152542373
5042.11525423729
4731.01016949152
4836.1220338983
5170.00677966102
5836.8
6345.76271186441
6625.62711864407
6944.54237288136
7196.74576271186
7249.78983050847
7365.31525423729
7502.3186440678
7578.46779661017
7598.3186440678
7459.03728813559
7167.45762711864
6941.93898305085
6927.94576271186
6889.54576271186
6566.72542372881
6001.13898305085
5526.99661016949
5209.05762711864
5030.4
4877.12542372881
4834.82033898305
4919.10508474576
5220.77288135593
5739.49830508474
6109.17966101695
6256.59661016949
6460.63728813559
6639.94576271186
6682.25084745763
6718.04745762712
6771.09152542373
6771.09152542373
6783.13220338983
6731.06440677966
6568.35254237288
6330.46779661017
6155.71525423729
6053.85762711864
5824.7593220339
5329.13898305085
4954.25084745763
4647.37627118644
4470.67118644068
4342.77966101695
4319.34915254237
4328.13559322034
4343.43050847458
4643.14576271186
5077.26101694915
5445.31525423729
5670.18305084746
5759.67457627119
5822.80677966102
5840.05423728814
5862.50847457627
5904.16271186441
5984.54237288136
6048.65084745763
5962.73898305085
5773.34237288136
5596.31186440678
5634.06101694915
5520.81355932203
5121.84406779661
4789.58644067797
4538.3593220339
4420.55593220339
4310.88813559322
4246.45423728814
4170.95593220339
4157.61355932203
4392.89491525424
4800.65084745763
5209.05762711864
5496.40677966102
5678.96949152542
5786.68474576271
5869.01694915254
5906.76610169492
5914.25084745763
6084.1220338983
6184.35254237288
5970.22372881356
5830.61694915254
5819.87796610169
5935.40338983051
5755.44406779661
5400.40677966102
5057.73559322034
4827.33559322034
4735.56610169492
4668.85423728814
4704
4878.10169491525
5123.14576271186
5714.76610169492
6170.3593220339
6379.2813559322
6684.20338983051
6841.38305084746
6943.2406779661
6995.63389830508
7003.76949152542
6988.47457627119
7038.26440677966
6988.47457627119
6701.12542372881
6481.78983050847
6453.15254237288
6457.05762711864
6148.23050847458
5735.59322033898
5312.86779661017
5067.17288135593
4972.14915254237
4922.3593220339
4936.35254237288
5051.55254237288
5403.66101694915
5897.97966101695
6344.46101694915
6519.53898305085
6710.23728813559
6887.59322033898
6939.01016949152
6959.18644067797
7006.37288135593
7019.06440677966
7068.20338983051
7035.01016949152
6842.03389830508
6673.13898305085
6564.77288135593
6602.19661016949
6359.75593220339
5771.38983050847
5336.94915254237
5020.31186440678
4933.42372881356
4812.0406779661
4777.87118644068
4883.9593220339
5183.34915254237
5756.74576271186
6251.71525423729
6564.1220338983
6788.98983050847
6978.38644067797
7098.79322033898
7174.94237288136
7178.84745762712
7200
7256.29830508475
7218.22372881356
7061.36949152542
6780.20338983051
6646.12881355932
6556.31186440678
6224.05423728814
5763.57966101695
5230.53559322034
5011.52542372881
4878.10169491525
4664.94915254237
4643.79661016949
4787.63389830508
5093.20677966102
5667.25423728814
6031.07796610169
6290.76610169492
6530.60338983051
6640.92203389831
6680.94915254237
6707.63389830508
6635.71525423729
6516.61016949153
6445.99322033898
6436.23050847458
6315.49830508474
6116.33898305085
6045.7220338983
6030.75254237288
5772.69152542373
5238.99661016949
4829.93898305085
4557.23389830508
4436.82711864407
4314.14237288136
4366.53559322034
4451.47118644068
4724.82711864407
5174.23728813559
5603.47118644068
5864.78644067797
6033.35593220339
6164.17627118644
6174.58983050847
6146.92881355932
6089.97966101695
6138.79322033898
6162.54915254237
6176.54237288136
6002.4406779661
5835.17288135593
5707.2813559322
5701.09830508475
5527.3220338983
5070.75254237288
4700.42033898305
4458.95593220339
4315.76949152542
4196.98983050847
4130.92881355932
4120.51525423729
4057.05762711864
4363.60677966102
4695.86440677966
5089.95254237288
5370.14237288136
5572.23050847458
5671.48474576271
5671.1593220339
5713.13898305085
5731.36271186441
5793.5186440678
5808.48813559322
5784.0813559322
5691.33559322034
5528.94915254237
5545.87118644068
5437.50508474576
5219.47118644068
4921.70847457627
4707.57966101695
4589.45084745763
4466.4406779661
4426.41355932203
4388.66440677966
4374.67118644068
4676.33898305085
5077.58644067797
5569.62711864407
5908.06779661017
6126.42711864407
6267.98644067797
6293.36949152542
6257.24745762712
6283.60677966102
6232.8406779661
6228.28474576271
6100.7186440678
5944.18983050847
5816.94915254237
5891.14576271186
5775.62033898305
5405.93898305085
5100.69152542373
4832.86779661017
4626.54915254237
4501.91186440678
4459.60677966102
4456.35254237288
4517.85762711864
4886.88813559322
5368.18983050847
5880.40677966102
6239.02372881356
6479.51186440678
6632.78644067797
6706.33220338983
6680.62372881356
6704.70508474576
6704.37966101695
6750.91525423729
6635.06440677966
6458.03389830508
6385.13898305085
6391.3220338983
6147.57966101695
5681.89830508475
5301.80338983051
5037.88474576271
4854.99661016949
4749.23389830508
4731.98644067797
4847.83728813559
5094.50847457627
5650.65762711864
6150.83389830508
6474.30508474576
6710.23728813559
6924.69152542373
7104.65084745763
7249.78983050847
7248.81355932203
7196.74576271186
7256.62372881356
7222.12881355932
7020.69152542373
6721.95254237288
6475.60677966102
6386.76610169492
6008.29830508475
5351.26779661017
4975.72881355932
4696.8406779661
4551.05084745763
4454.72542372881
4402.98305084746
4555.93220338983
4803.25423728814
5229.23389830508
5679.62033898305
5901.5593220339
6146.27796610169
6237.7220338983
6239.67457627119
6244.23050847458
6232.51525423729
6264.0813559322
6297.27457627119
6241.62711864407
6051.57966101695
5887.2406779661
5775.94576271186
5781.15254237288
5553.6813559322
5065.22033898305
4646.4
4453.09830508475
4354.16949152542
4278.67118644068
4274.4406779661
4409.16610169491
4631.10508474576
5134.86101694915
5575.48474576271
5829.31525423729
5992.67796610169
6100.06779661017
6087.05084745763
6193.46440677966
6188.58305084746
6189.23389830508
6220.47457627119
6255.62033898305
6130.98305084746
6001.78983050847
5881.70847457627
5898.30508474576
5667.90508474576
5177.81694915254
4726.12881355932
4531.2
4452.1220338983
4354.16949152542
4330.08813559322
4448.86779661017
4667.87796610169
5174.23728813559
5601.19322033898
5927.26779661017
6170.03389830508
6356.50169491525
6474.30508474576
6592.43389830508
6608.70508474576
6622.04745762712
6678.99661016949
6640.92203389831
6529.95254237288
6292.39322033898
6072.0813559322
6060.36610169491
5875.85084745763
5333.04406779661
4888.8406779661
4606.69830508475
4432.27118644068
4344.0813559322
4262.4
4234.41355932203
4303.07796610169
4592.37966101695
5010.22372881356
5406.26440677966
5688.73220338983
5922.38644067797
6014.15593220339
6099.41694915254
6116.33898305085
6149.85762711864
6192.16271186441
6190.21016949152
6120.56949152542
5920.10847457627
5707.60677966102
5764.55593220339
5600.54237288136
5136.16271186441
4814.64406779661
4580.01355932203
4398.10169491525
4269.88474576271
4220.09491525424
4193.41016949153
4188.85423728814
4380.52881355932
4786.33220338983
5212.31186440678
5575.81016949152
5740.47457627119
5935.40338983051
6010.90169491525
6028.47457627119
6034.00677966102
6099.09152542373
6067.85084745763
5965.99322033898
5850.79322033898
5795.47118644068
5923.03728813559
5679.62033898305
5259.82372881356
4943.83728813559
4734.58983050847
4620.69152542373
4511.67457627119
4541.61355932203
4678.61694915254
4980.93559322034
5528.62372881356
5965.34237288136
6214.29152542373
6451.52542372881
6554.68474576271
6598.29152542373
6550.77966101695
6484.39322033898
6513.35593220339
6590.80677966102
6594.06101694915
6451.85084745763
6225.03050847458
6088.35254237288
6021.6406779661
5725.17966101695
5226.30508474576
4857.6
4658.4406779661
4565.36949152542
4455.05084745763
4442.3593220339
4595.30847457627
4829.28813559322
5399.43050847458
5830.61694915254
6123.49830508474
6335.67457627119
6500.98983050847
6594.71186440678
6694.61694915254
6787.36271186441
6851.79661016949
6882.06101694915
6938.3593220339
6836.17627118644
6579.09152542373
6436.55593220339
6456.73220338983
6122.84745762712
5638.29152542373
5208.73220338983
4952.29830508475
4800.32542372881
4706.27796610169
4708.23050847458
4877.77627118644
5086.04745762712
5626.90169491525
6033.03050847458
6264.73220338983
6455.10508474576
6544.59661016949
6593.73559322034
6610.33220338983
6548.82711864407
6507.17288135593
6549.80338983051
6563.47118644068
6461.61355932203
6302.4813559322
6192.48813559322
6257.24745762712
5969.89830508475
5486.96949152542
5052.85423728814
4787.30847457627
4635.33559322034
4517.85762711864
4521.76271186441
4688.05423728814
4968.89491525424
5530.90169491525
6085.74915254237
6433.62711864407
6739.85084745763
6992.37966101695
7138.82033898305
7366.29152542373
7459.03728813559
7468.47457627119
7542.02033898305
7588.55593220339
7424.54237288136
7241.97966101695
7081.54576271186
6997.26101694915
6658.49491525424
6124.47457627119
5653.91186440678
5287.48474576271
5097.11186440678
4933.74915254237
4857.92542372881
4951.64745762712
5153.73559322034
5759.02372881356
6374.07457627119
6830.64406779661
7211.38983050847
7458.06101694915
7556.33898305085
7714.49491525424
7745.73559322034
7738.90169491525
7652.66440677966
7598.3186440678
7414.77966101695
7156.7186440678
6911.67457627119
6930.87457627119
6669.23389830508
6167.43050847458
5701.09830508475
5377.95254237288
5177.16610169491
4982.23728813559
4877.77627118644
4888.51525423729
4893.07118644068
5268.28474576271
5739.17288135593
6198.34576271186
6553.70847457627
6850.49491525424
6940.96271186441
7015.1593220339
7018.73898305085
7001.16610169491
7048.67796610169
7116.36610169491
7010.92881355932
6846.91525423729
6604.8
6569.32881355932
6392.94915254237
5961.43728813559
5506.49491525424
5164.8
4968.24406779661
4826.03389830508
4704
4641.5186440678
4626.54915254237
4925.28813559322
5409.84406779661
5913.6
6316.47457627119
6645.47796610169
6920.78644067797
7082.19661016949
7145.97966101695
7240.02711864407
7314.87457627119
7387.76949152542
7279.40338983051
7156.7186440678
6999.53898305085
7102.37288135593
6933.80338983051
6426.79322033898
6065.89830508475
5842.65762711864
5670.18305084746
5479.48474576271
5441.73559322034
5518.21016949153
5821.83050847458
6403.36271186441
7026.22372881356
7491.90508474576
7908.44745762712
8081.89830508475
8244.61016949153
8343.21355932203
8397.5593220339
8401.13898305085
8427.82372881356
8373.47796610169
8222.80677966102
7965.39661016949
7774.04745762712
7743.13220338983
7122.87457627119
6447.62033898305
5826.38644067797
5584.27118644068
5444.66440677966
5261.12542372881
5166.10169491525
5288.13559322034
5455.07796610169
5958.50847457627
6509.45084745763
6826.73898305085
7075.68813559322
7309.66779661017
7422.58983050847
7553.73559322034
7577.16610169491
7644.85423728813
7720.35254237288
7716.44745762712
7533.23389830508
7287.21355932203
7062.67118644068
6952.02711864407
6549.15254237288
5979.98644067797
5523.74237288136
5213.61355932203
5011.52542372881
4886.23728813559
4842.95593220339
4974.10169491525
5221.42372881356
5722.25084745763
6272.54237288136
6599.9186440678
6913.30169491525
7087.72881355932
7240.02711864407
7370.84745762712
7453.17966101695
7504.59661016949
7619.79661016949
7632.16271186441
7411.52542372881
7178.19661016949
6937.38305084746
6958.53559322034
6578.11525423729
6030.10169491525
5556.28474576271
5303.75593220339
5130.63050847458
4934.07457627119
4961.08474576271
5056.43389830508
5294.3186440678
5844.93559322034
6417.03050847458
6841.05762711864
7190.23728813559
7488
7596.0406779661
7597.66779661017
7549.50508474576
7467.17288135593
7395.90508474576
7214.96949152542
7066.25084745763
6825.11186440678
6850.82033898305
6891.49830508474
6497.08474576271
6034.65762711864
5606.07457627119
5355.17288135593
5172.28474576271
5038.53559322034
4982.88813559322
5163.17288135593
5388.0406779661
5909.04406779661
6453.80338983051
6804.93559322034
7081.22033898305
7241.65423728813
7280.05423728814
7334.72542372881
7299.25423728814
7280.70508474576
7257.27457627119
7149.23389830508
6899.63389830508
6547.52542372881
6500.01355932203
6492.85423728813
6151.81016949152
5666.92881355932
5225.97966101695
4974.10169491525
4799.67457627119
4637.61355932203
4580.66440677966
4597.58644067797
4670.4813559322
4853.69491525424
5199.94576271186
5481.43728813559
5685.80338983051
5760
5729.41016949153
5669.20677966102
5619.09152542373
5595.01016949152
5568
5538.06101694915
5480.46101694915
5310.26440677966
5294.96949152542
5434.25084745763
5237.36949152542
4900.23050847458
4636.31186440678
4427.06440677966
4347.33559322034
4215.21355932203
4144.92203389831
4153.70847457627
4141.01694915254
4354.49491525424
4731.01016949152
5115.98644067797
5392.92203389831
5562.46779661017
5654.56271186441
5648.05423728814
5559.21355932203
5542.29152542373
5571.90508474576
5640.56949152542
5541.96610169491
5458.33220338983
5476.23050847458
5663.34915254237
5429.04406779661
5101.66779661017
4810.08813559322
4603.76949152542
4516.55593220339
4416.97627118644
4444.63728813559
4619.71525423729
4853.69491525424
5375.02372881356
5886.91525423729
6270.58983050847
6518.88813559322
6646.77966101695
6699.17288135593
6823.48474576271
6909.07118644068
6971.22711864407
7045.09830508475
7046.4
6997.91186440678
6745.38305084746
6636.69152542373
6740.50169491525
6380.58305084746
5958.83389830508
5571.90508474576
5323.60677966102
5106.22372881356
5035.60677966102
5072.70508474576
5168.70508474576
5414.07457627119
6002.11525423729
6561.5186440678
6881.73559322034
7234.16949152542
7487.67457627119
7579.76949152542
7619.14576271186
7619.14576271186
7500.36610169491
7393.62711864407
7417.70847457627
7353.27457627119
7254.99661016949
7062.34576271186
7075.36271186441
6731.38983050847
6157.34237288136
5807.51186440678
5473.62711864407
5258.5220338983
5168.37966101695
5121.19322033898
5243.22711864407
5570.92881355932
6086.07457627119
6613.26101694915
7072.10847457627
7473.03050847458
7741.83050847458
7868.42033898305
8015.18644067797
7966.69830508474
7955.63389830508
7899.01016949152
7702.45423728814
7490.27796610169
7214.3186440678
7159.97288135593
7183.40338983051
6759.05084745763
6219.17288135593
5813.69491525424
5543.9186440678
5331.41694915254
5216.21694915254
5182.04745762712
5343.78305084746
5596.63728813559
6102.34576271186
6574.21016949152
6895.72881355932
7266.06101694915
7470.75254237288
7635.74237288136
7776
7782.50847457627
7838.15593220339
7921.46440677966
7879.1593220339
7673.49152542373
7417.38305084746
7264.10847457627
7231.2406779661
6850.82033898305
6295.97288135593
5811.74237288136
5553.03050847458
5378.27796610169
5236.39322033898
5204.82711864407
5330.4406779661
5572.8813559322
6035.30847457627
6407.26779661017
6624
6871.64745762712
7076.01355932203
7329.19322033898
7539.09152542373
7617.5186440678
7611.33559322034
7598.96949152542
7664.37966101695
7552.7593220339
7283.63389830508
7113.76271186441
7064.62372881356
6690.06101694915
6175.2406779661
5728.10847457627
5415.05084745763
5207.10508474576
5039.51186440678
4977.03050847458
4971.82372881356
5034.95593220339
5283.90508474576
5892.1220338983
6355.52542372881
6832.59661016949
7107.90508474576
7227.66101694915
7248.48813559322
7221.47796610169
7181.45084745763
7127.75593220339
6996.93559322034
6788.98983050847
6588.52881355932
6473.32881355932
6523.76949152542
6245.53220338983
5888.86779661017
5472.65084745763
5163.17288135593
4966.61694915254
4840.67796610169
4722.87457627119
4720.92203389831
4677.6406779661
4788.28474576271
5285.53220338983
5755.1186440678
6116.33898305085
6404.33898305085
6603.82372881356
6650.3593220339
6639.29491525424
6569.97966101695
6634.41355932203
6648.73220338983
6662.4
6427.1186440678
6408.56949152542
6553.70847457627
6270.58983050847
5888.21694915254
5512.35254237288
5321.32881355932
5182.04745762712
4995.90508474576
4988.74576271186
5095.81016949152
5370.46779661017
5921.41016949153
6538.73898305085
7001.81694915254
7453.17966101695
7801.05762711864
7981.99322033898
8198.4
8315.22711864407
8441.16610169491
8490.95593220339
8444.74576271186
8369.24745762712
8079.29491525424
7934.15593220339
8071.48474576271
7705.70847457627
7078.29152542373
6567.05084745763
6346.41355932203
6050.60338983051
5998.21016949153
5940.28474576271
6059.71525423729
6295.64745762712
6866.4406779661
7458.71186440678
7952.70508474576
8331.49830508475
8568.73220338983
8692.7186440678
8773.74915254237
8786.4406779661
8738.92881355932
8788.06779661017
8754.87457627119
8591.51186440678
8411.22711864407
8290.49491525424
8304.16271186441
7881.76271186441
7390.04745762712
6948.77288135593
6690.71186440678
6470.4
6280.02711864407
6166.45423728814
6264.40677966102
6491.87796610169
6937.38305084746
7350.99661016949
7655.26779661017
7844.01355932203
8008.02711864407
8164.55593220339
8344.8406779661
8401.13898305085
8391.37627118644
8344.18983050847
8377.70847457627
8364.69152542373
8069.53220338983
7826.11525423729
7570.98305084746
6965.69491525424
6513.35593220339
6036.28474576271
5743.07796610169
5562.14237288136
5455.40338983051
5397.15254237288
5487.29491525424
5727.45762711864
6110.4813559322
6528.65084745763
6780.52881355932
6940.96271186441
7049.97966101695
7100.42033898305
7254.34576271186
7254.02033898305
7159.97288135593
7187.63389830508
7087.07796610169
6887.26779661017
6769.13898305085
6724.55593220339
6702.10169491525
6281.65423728813
5821.83050847458
5455.72881355932
5197.34237288136
4971.82372881356
4841.32881355932
4832.86779661017
4954.90169491525
5183.67457627119
5637.6406779661
6169.05762711864
6613.26101694915
6834.54915254237
6993.03050847458
7115.38983050847
7241.65423728813
7293.07118644068
7280.37966101695
7315.85084745763
7281.03050847458
7115.06440677966
6858.95593220339
6572.90847457627
6510.75254237288
6100.39322033898
5618.4406779661
5194.08813559322
4898.27796610169
4710.18305084746
4540.31186440678
4497.35593220339
4484.33898305085
4484.33898305085
4700.74576271186
5115.01016949152
5499.01016949152
5769.76271186441
5955.25423728814
6064.92203389831
6116.01355932203
6146.92881355932
6158.96949152542
6271.89152542373
6279.37627118644
6157.34237288136
5943.86440677966
5767.1593220339
5844.93559322034
5537.08474576271
5197.34237288136
4857.92542372881
4652.90847457627
4552.02711864407
4444.96271186441
4374.99661016949
4407.53898305085
4387.68813559322
4541.28813559322
4928.21694915254
5368.8406779661
5672.78644067797
5928.89491525424
6080.86779661017
6109.50508474576
6139.44406779661
6192.16271186441
6276.44745762712
6317.77627118644
6138.79322033898
5969.89830508475
5905.78983050847
6073.05762711864
5800.35254237288
5491.85084745763
5202.22372881356
4950.99661016949
4785.6813559322
4679.26779661017
4618.08813559322
4672.7593220339
4706.92881355932
4955.55254237288
5404.96271186441
5865.76271186441
6264.40677966102
6532.8813559322
6685.50508474576
6718.04745762712
6724.8813559322
6748.31186440678
6799.40338983051
6898.98305084746
6746.03389830508
6431.34915254237
6184.67796610169
6251.38983050847
5881.70847457627
5518.21016949153
5150.80677966102
4865.73559322034
4764.52881355932
4662.02033898305
4650.95593220339
4779.82372881356
4965.6406779661
5449.22033898305
5934.10169491525
6278.4
6517.26101694915
6612.61016949153
6640.92203389831
6758.4
6784.10847457627
6813.39661016949
6906.79322033898
6978.38644067797
6827.06440677966
6537.43728813559
6352.27118644068
6363.01016949152
5929.54576271186
5496.0813559322
5060.66440677966
4812.0406779661
4706.27796610169
4558.86101694915
4541.28813559322
4665.6
4879.07796610169
5315.47118644068
5804.90847457627
6144.32542372881
6386.76610169492
6518.56271186441
6609.03050847458
6712.18983050847
6721.30169491525
6808.18983050847
6874.25084745763
6909.39661016949
6800.05423728814
6535.1593220339
6419.9593220339
6431.67457627119
6056.13559322034
5576.46101694915
5139.74237288136
4944.81355932203
4798.04745762712
4677.31525423729
4692.61016949153
4786.65762711864
5084.42033898305
5494.45423728814
5892.1220338983
6205.50508474576
6517.26101694915
6702.10169491525
6777.92542372881
6850.16949152542
6818.60338983051
6812.42033898305
6884.98983050847
6868.39322033898
6683.87796610169
6468.77288135593
6337.95254237288
6329.16610169491
5906.4406779661
5416.35254237288
4966.29152542373
4780.14915254237
4664.29830508475
4519.81016949152
4508.74576271186
4630.12881355932
4845.88474576271
5215.56610169492
5636.33898305085
5892.77288135593
6057.11186440678
6086.07457627119
6152.13559322034
6190.53559322034
6173.61355932203
6152.46101694915
6170.03389830508
6183.37627118644
6095.18644067797
5864.13559322034
5802.30508474576
5801.00338983051
5455.40338983051
5030.4
4711.1593220339
4466.11525423729
4351.56610169492
4240.27118644068
4206.42711864407
4219.1186440678
4318.37288135593
4525.01694915254
4908.69152542373
5254.29152542373
5442.38644067797
5572.55593220339
5515.93220338983
5475.25423728814
5440.10847457627
5444.66440677966
5518.53559322034
5570.27796610169
5483.38983050847
5358.10169491525
5272.18983050847
5356.14915254237
5081.81694915254
4767.45762711864
4497.6813559322
4290.06101694915
4185.92542372881
4116.93559322034
4082.4406779661
4090.90169491525
4104.24406779661
4252.63728813559
4595.63389830508
4919.43050847458
5203.85084745763
5398.12881355932
5455.07796610169
5448.89491525424
5485.66779661017
5563.44406779661
5644.8
5765.85762711864
5684.17627118644
5550.10169491525
5610.95593220339
5720.94915254237
5385.76271186441
5060.98983050847
4796.74576271186
4625.24745762712
4539.66101694915
4456.02711864407
4489.22033898305
4641.84406779661
4889.81694915254
5349.96610169491
5852.09491525424
6159.29491525424
6348.36610169491
6473.00338983051
6545.57288135593
6661.09830508475
6643.52542372881
6574.86101694915
6597.6406779661
6631.1593220339
6515.30847457627
6388.7186440678
6361.05762711864
6329.16610169491
5847.53898305085
5411.47118644068
5077.26101694915
4813.66779661017
4647.37627118644
4551.70169491525
4570.57627118644
4735.2406779661
4993.30169491525
5394.54915254237
5847.86440677966
6159.29491525424
6365.61355932203
6495.78305084746
6474.30508474576
6498.06101694915
6486.67118644068
6512.70508474576
6590.80677966102
6616.18983050847
6425.16610169491
6286.86101694915
6272.54237288136
6240.97627118644
5808.16271186441
5334.34576271186
4993.95254237288
4805.20677966102
4657.13898305085
4559.83728813559
4560.16271186441
4696.51525423729
4934.72542372881
5361.35593220339
5913.27457627119
6199.3220338983
6391.3220338983
6518.56271186441
6537.76271186441
6644.82711864407
6622.37288135593
6665.97966101695
6820.8813559322
6821.53220338983
6607.07796610169
6414.42711864407
6381.5593220339
6353.89830508475
5937.03050847458
5489.57288135593
5085.7220338983
4843.93220338983
4768.7593220339
4662.02033898305
4658.11525423729
4786.65762711864
4997.85762711864
5476.55593220339
5942.56271186441
6309.31525423729
6575.18644067797
6692.66440677966
6780.20338983051
6890.19661016949
6928.59661016949
6959.83728813559
7042.82033898305
6985.22033898305
6737.24745762712
6484.7186440678
6535.1593220339
6461.61355932203
6095.51186440678
5643.17288135593
5253.6406779661
5074.98305084746
4911.94576271186
4815.62033898305
4792.18983050847
4914.87457627119
5153.08474576271
5641.22033898305
6148.55593220339
6455.43050847458
6776.62372881356
7042.49491525424
7209.76271186441
7345.78983050847
7450.57627118644
7475.63389830508
7487.34915254237
7334.72542372881
7105.62711864407
6853.42372881356
6818.92881355932
6769.78983050847
6357.80338983051
5875.52542372881
5460.93559322034
5173.58644067797
5026.49491525424
4878.42711864407
4805.53220338983
4851.41694915254
4950.34576271186
5117.93898305085
5406.58983050847
5766.18305084746
6101.69491525424
6359.75593220339
6413.77627118644
6429.39661016949
6284.90847457627
6157.99322033898
6185.97966101695
6192.16271186441
6065.89830508475
5908.7186440678
5971.85084745763
5959.48474576271
5648.70508474576
5334.99661016949
5005.99322033898
4808.46101694915
4671.13220338983
4569.92542372881
4506.14237288136
4457.00338983051
4499.30847457627
4594.00677966102
4838.4
5123.79661016949
5337.6
5449.54576271186
5527.3220338983
5454.42711864407
5404.31186440678
5293.34237288136
5393.89830508475
5434.90169491525
5393.24745762712
5328.48813559322
5499.33559322034
5503.89152542373
5214.91525423729
4941.5593220339
4682.5220338983
4489.54576271186
4386.06101694915
4309.26101694915
4379.87796610169
4539.33559322034
4851.74237288136
5247.45762711864
5741.12542372881
6049.30169491525
6354.87457627119
6473.65423728813
6557.93898305085
6603.82372881356
6630.83389830508
6681.6
6747.98644067797
6761.00338983051
6553.70847457627
6370.16949152542
6410.84745762712
6332.09491525424
5890.16949152542
5463.53898305085
5077.58644067797
4847.18644067797
4723.2
4638.91525423729
4639.89152542373
4804.55593220339
5064.89491525424
5456.37966101695
5922.06101694915
6287.83728813559
6560.54237288136
6716.09491525424
6809.16610169491
6947.79661016949
6923.71525423729
6915.25423728814
6946.49491525424
6942.91525423729
6706.00677966102
6500.01355932203
6471.70169491525
6379.2813559322
5942.23728813559
5468.42033898305
5078.23728813559
4877.45084745763
4743.70169491525
4622.3186440678
4631.43050847458
4776.24406779661
5020.31186440678
5396.50169491525
5834.19661016949
6127.07796610169
6345.43728813559
6469.74915254237
6564.1220338983
6606.75254237288
6635.71525423729
6581.69491525424
6625.62711864407
6539.71525423729
6312.56949152542
6245.20677966102
6325.26101694915
6100.7186440678
5747.30847457627
5322.30508474576
4979.30847457627
4822.45423728814
4657.13898305085
4553.32881355932
4584.24406779661
4699.44406779661
4977.6813559322
5404.96271186441
5816.62372881356
6020.98983050847
6177.84406779661
6298.57627118644
6391.64745762712
6430.69830508475
6393.27457627119
6427.76949152542
6414.10169491525
6372.44745762712
6253.01694915254
6124.8
6222.75254237288
6112.43389830508
5777.89830508475
5342.80677966102
5048.62372881356
4836.1220338983
4722.54915254237
4617.76271186441
4612.8813559322
4777.54576271186
5119.2406779661
5478.83389830508
5866.41355932203
6081.19322033898
6175.56610169492
6274.82033898305
6230.23728813559
6203.22711864407
6186.30508474576
6177.19322033898
6125.45084745763
6067.2
5918.4813559322
5844.28474576271
5898.95593220339
5782.12881355932
5443.03728813559
5046.99661016949
4737.19322033898
4497.6813559322
4384.10847457627
4290.71186440678
4304.05423728814
4347.66101694915
4428.36610169491
4590.75254237288
4975.72881355932
5252.66440677966
5471.67457627119
5508.1220338983
5554.33220338983
5529.6
5481.76271186441
5472
5500.96271186441
5513.65423728813
5407.89152542373
5360.37966101695
5523.41694915254
5455.40338983051
5189.53220338983
4891.76949152542
4665.6
4494.42711864407
4384.7593220339
4309.91186440678
4267.60677966102
4280.29830508475
4392.56949152542
4525.99322033898
4834.49491525424
5134.21016949153
5347.03728813559
5585.24745762712
5712.16271186441
5744.70508474576
5773.01694915254
5844.28474576271
5898.30508474576
5995.60677966102
5909.69491525424
5854.37288135593
5961.76271186441
5888.54237288136
5597.61355932203
5274.79322033898
4987.44406779661
4801.95254237288
4656.81355932203
4582.94237288136
4589.77627118644
4773.6406779661
5048.94915254237
5482.08813559322
5977.70847457627
6251.38983050847
6489.6
6602.84745762712
6649.70847457627
6708.28474576271
6712.51525423729
6682.57627118644
6691.68813559322
6595.03728813559
6381.88474576271
6327.53898305085
6472.02711864407
6295.64745762712
5874.87457627119
5439.45762711864
5075.30847457627
4823.75593220339
4696.18983050847
4611.90508474576
4585.87118644068
4753.46440677966
5081.49152542373
5488.92203389831
5878.45423728814
6118.29152542373
6277.09830508475
6279.37627118644
6401.08474576271
6460.96271186441
6511.40338983051
6524.74576271186
6563.14576271186
6545.89830508475
6392.62372881356
6258.22372881356
6367.56610169492
6207.45762711864
5806.21016949153
5349.96610169491
4954.57627118644
4760.62372881356
4621.01694915254
4523.71525423729
4523.06440677966
4647.05084745763
4969.87118644068
5319.37627118644
5689.70847457627
5904.48813559322
6102.02033898305
6164.17627118644
6274.82033898305
6307.68813559322
6342.50847457627
6347.38983050847
6344.13559322034
6332.74576271186
6191.83728813559
6050.27796610169
6167.10508474576
5991.70169491525
5574.18305084746
5070.10169491525
4804.23050847458
4571.87796610169
4518.50847457627
4406.56271186441
4419.25423728814
4599.53898305085
4867.03728813559
5226.30508474576
5609.00338983051
5834.84745762712
6006.67118644068
6110.15593220339
6122.5220338983
6141.39661016949
6143.02372881356
6150.83389830508
6167.10508474576
6158.64406779661
5991.05084745763
5866.41355932203
6032.05423728814
5872.59661016949
5484.36610169491
5070.42711864407
4727.43050847458
4571.22711864407
4437.80338983051
4355.14576271186
4359.70169491525
4499.9593220339
4890.46779661017
5185.95254237288
5569.62711864407
5819.87796610169
5987.47118644068
6116.98983050847
6143.34915254237
6110.15593220339
6054.50847457627
5970.22372881356
5912.94915254237
5857.95254237288
5708.25762711864
5620.39322033898
5776.92203389831
5633.41016949153
5302.45423728814
4881.03050847458
4586.84745762712
4400.37966101695
4310.23728813559
4205.77627118644
4203.17288135593
4161.84406779661
4292.01355932203
4464.16271186441
4785.6813559322
5067.49830508474
5221.09830508475
5281.30169491525
5274.46779661017
5241.6
5160.56949152542
5156.66440677966
5154.71186440678
5184
5126.4
5095.48474576271
5205.15254237288
5072.37966101695
4832.86779661017
4567.64745762712
4320.65084745763
4202.5220338983
4047.62033898305
4019.30847457627
3986.11525423729
3998.80677966102
4036.23050847458
4103.26779661017
4398.75254237288
4675.36271186441
4854.99661016949
4979.30847457627
5006.96949152542
4994.92881355932
4929.5186440678
4878.42711864407
4895.02372881356
4935.37627118644
4878.10169491525
4864.43389830508
5019.98644067797
4886.56271186441
4703.02372881356
4440.0813559322
4197.96610169491
4074.63050847458
3938.60338983051
3877.74915254237
3838.69830508475
3898.57627118644
3967.89152542373
4065.19322033898
4388.01355932203
4741.42372881356
4976.05423728814
5118.91525423729
5153.73559322034
5082.14237288136
5019.01016949152
5009.89830508475
5113.70847457627
5180.74576271186
5171.9593220339
5251.03728813559
5384.46101694915
5198.96949152542
4971.49830508474
4649.32881355932
4414.04745762712
4287.13220338983
4210.98305084746
4207.40338983051
4240.92203389831
4422.50847457627
4874.19661016949
5458.65762711864
5718.34576271186
5804.90847457627
5960.78644067797
6034.33220338983
6031.72881355932
6027.49830508474
6064.92203389831
6035.63389830508
6052.8813559322
6047.67457627119
5946.79322033898
5947.1186440678
6144.97627118644
5878.45423728814
5445.31525423729
5022.58983050847
4745.97966101695
4585.22033898305
4438.12881355932
4394.19661016949
4418.60338983051
4567.97288135593
4997.53220338983
5459.63389830508
5776.59661016949
5903.51186440678
6047.34915254237
6113.08474576271
6126.10169491525
6175.56610169492
6203.87796610169
6189.23389830508
6217.22033898305
6126.10169491525
5943.21355932203
5912.94915254237
6109.17966101695
5905.13898305085
5473.30169491525
5046.67118644068
4774.94237288136
4598.88813559322
4464.48813559322
4398.75254237288
4396.47457627119
4554.63050847458
4957.83050847458
5455.07796610169
5724.52881355932
5870.3186440678
6030.42711864407
6114.71186440678
6116.33898305085
6211.36271186441
6253.66779661017
6263.10508474576
6294.34576271186
6271.56610169492
6077.93898305085
6037.58644067797
6217.87118644068
5991.37627118644
5536.7593220339
5135.18644067797
4729.38305084746
4585.87118644068
4496.05423728814
4423.1593220339
4443.33559322034
4623.29491525424
5060.66440677966
5522.4406779661
5844.28474576271
6089.32881355932
6304.10847457627
6441.11186440678
6440.78644067797
6500.66440677966
6480.16271186441
6457.70847457627
6466.49491525424
6412.14915254237
6190.53559322034
6062.64406779661
6231.53898305085
5932.8
5548.47457627119
5120.54237288136
4792.51525423729
4539.66101694915
4463.51186440678
4394.19661016949
4326.50847457627
4374.67118644068
4504.51525423729
4668.85423728814
5015.10508474576
5309.93898305085
5441.73559322034
5459.63389830508
5485.66779661017
5400.73220338983
5290.08813559322
5171.63389830508
5160.24406779661
5219.14576271186
5066.84745762712
5064.24406779661
5288.78644067797
5064.24406779661
4808.46101694915
4510.04745762712
4281.27457627119
4180.7186440678
4048.92203389831
3991.97288135593
3968.54237288136
3983.18644067797
4068.77288135593
4186.57627118644
4453.42372881356
4755.41694915254
4914.87457627119
5017.38305084746
5052.20338983051
4973.12542372881
4940.25762711864
4955.87796610169
5019.98644067797
5127.70169491525
5051.55254237288
5156.98983050847
5400.0813559322
5160.56949152542
4876.14915254237
4598.88813559322
4316.74576271186
4181.36949152542
4123.44406779661
4095.13220338983
4115.9593220339
4346.68474576271
4796.42033898305
5291.06440677966
5506.49491525424
5660.09491525424
5779.2
5826.38644067797
5808.81355932203
5842.65762711864
5828.33898305085
5810.76610169492
5907.09152542373
5872.59661016949
5754.14237288136
5845.26101694915
5965.01694915254
5707.60677966102
5292.0406779661
4854.34576271186
4536.73220338983
4383.45762711864
4308.28474576271
4248.40677966102
4277.36949152542
4478.4813559322
4939.60677966102
5461.58644067797
5706.95593220339
5804.90847457627
5879.10508474576
5898.95593220339
5883.33559322034
5873.89830508475
5902.53559322034
5871.94576271186
5958.18305084746
6011.87796610169
5962.08813559322
6029.45084745763
5988.77288135593
5696.21694915254
5336.94915254237
4862.15593220339
4558.21016949153
4417.95254237288
4335.94576271186
4284.20338983051
4309.58644067797
4518.18305084746
4978.98305084746
5532.52881355932
5773.01694915254
5940.61016949153
6028.14915254237
6061.66779661017
6057.76271186441
6092.25762711864
6062.96949152542
6058.41355932203
6138.46779661017
6106.57627118644
6055.81016949152
6102.02033898305
6099.41694915254
5820.20338983051
5414.4
5002.41355932203
4670.4813559322
4501.58644067797
4420.8813559322
4344.0813559322
4363.60677966102
4585.54576271186
5043.41694915254
5612.58305084746
5828.98983050847
5928.24406779661
6028.47457627119
6040.18983050847
6009.6
6013.17966101695
5997.23389830508
5987.47118644068
6021.31525423729
6030.75254237288
5975.10508474576
6021.6406779661
6081.19322033898
5776.27118644068
5390.3186440678
5004.36610169491
4711.48474576271
4549.42372881356
4412.74576271186
4395.49830508475
4402.33220338983
4587.17288135593
5021.93898305085
5559.53898305085
5794.82033898305
5884.31186440678
5985.84406779661
6026.5220338983
6031.40338983051
6034.98305084746
5980.63728813559
5928.89491525424
5931.82372881356
5844.28474576271
5748.61016949153
5789.61355932203
5909.36949152542
5641.54576271186
5353.22033898305
4963.03728813559
4650.63050847458
4455.70169491525
4333.99322033898
4232.78644067797
4187.87796610169
4233.11186440678
4388.01355932203
4508.09491525424
4867.03728813559
5195.06440677966
5286.50847457627
5386.41355932203
5390.3186440678
5338.57627118644
5285.53220338983
5224.35254237288
5252.33898305085
5285.20677966102
5194.73898305085
5221.74915254237
5332.7186440678
5142.02033898305
4896.32542372881
4593.35593220339
4330.73898305085
4203.49830508475
4096.7593220339
4033.30169491525
4027.1186440678
4051.2
4125.72203389831
4210.00677966102
4515.25423728814
4849.78983050847
5081.81694915254
5223.37627118644
5292.36610169491
5321.00338983051
5308.31186440678
5333.69491525424
5423.83728813559
5435.87796610169
5354.5220338983
5465.81694915254
5627.22711864407
5413.42372881356
5118.58983050847
4813.66779661017
4551.05084745763
4419.57966101695
4385.41016949153
4334.3186440678
4380.52881355932
4545.19322033898
4959.13220338983
5513.32881355932
5813.04406779661
5961.76271186441
6164.17627118644
6322.65762711864
6377.00338983051
6424.8406779661
6395.22711864407
6374.72542372881
6394.57627118644
6416.05423728814
6328.8406779661
6383.83728813559
6363.98644067797
5994.30508474576
5568
5116.63728813559
4744.02711864407
4553.65423728813
4484.66440677966
4355.79661016949
4374.02033898305
4554.95593220339
4940.90847457627
5468.74576271186
5676.69152542373
5764.55593220339
5928.56949152542
5962.41355932203
5954.92881355932
5986.49491525424
5953.62711864407
5945.49152542373
5965.66779661017
5930.19661016949
5846.56271186441
5989.42372881356
5987.47118644068
5727.45762711864
5359.07796610169
4879.40338983051
4585.22033898305
4408.18983050847
4318.69830508475
4275.09152542373
4306.65762711864
4467.09152542373
4913.24745762712
5421.5593220339
5565.7220338983
5635.03728813559
5757.7220338983
5803.2813559322
5764.8813559322
5789.61355932203
5771.38983050847
5720.62372881356
5820.85423728813
5763.90508474576
5680.92203389831
5824.10847457627
5875.85084745763
5664.65084745763
5223.70169491525
4836.1220338983
4508.09491525424
4374.99661016949
4300.14915254237
4218.79322033898
4250.3593220339
4510.04745762712
4921.70847457627
5432.29830508475
5611.2813559322
5685.80338983051
5768.78644067797
5780.50169491525
5780.50169491525
5770.08813559322
5748.93559322034
5745.03050847458
5774.3186440678
5722.25084745763
5687.10508474576
5824.43389830508
5869.99322033898
5619.09152542373
5239.64745762712
4841.97966101695
4494.75254237288
4353.5186440678
4291.36271186441
4229.53220338983
4266.30508474576
4474.90169491525
4883.30847457627
5366.56271186441
5611.60677966102
5719.3220338983
5840.37966101695
5853.07118644068
5796.1220338983
5784.0813559322
5726.80677966102
5691.33559322034
5718.02033898305
5739.17288135593
5747.9593220339
5871.94576271186
5723.22711864407
5512.35254237288
5205.80338983051
4823.43050847458
4512
4312.8406779661
4246.12881355932
4151.43050847458
4144.59661016949
4173.88474576271
4352.86779661017
4581.31525423729
4916.50169491525
5248.43389830508
5391.94576271186
5473.95254237288
5438.15593220339
5393.24745762712
5316.1220338983
5305.38305084746
5291.06440677966
5361.35593220339
5315.79661016949
5458.33220338983
5373.07118644068
5253.31525423729
4979.9593220339
4699.44406779661
4414.69830508475
4202.19661016949
4130.92881355932
4042.08813559322
4009.22033898305
4027.1186440678
4077.23389830508
4170.63050847458
4423.1593220339
4794.79322033898
4964.33898305085
5107.85084745763
5153.41016949153
5119.56610169492
5093.53220338983
5102.96949152542
5168.37966101695
5252.01355932203
5212.31186440678
5340.85423728814
5344.10847457627
5111.75593220339
4880.70508474576
4554.30508474576
4296.89491525424
4204.8
4121.81694915254
4086.67118644068
4168.35254237288
4402.98305084746
4790.88813559322
5345.73559322034
5545.87118644068
5717.69491525424
5829.6406779661
5890.82033898305
5891.47118644068
5839.72881355932
5734.61694915254
5727.13220338983
5807.18644067797
5904.16271186441
5871.29491525424
5990.72542372881
5909.04406779661
5631.13220338983
5207.75593220339
4800.97627118644
4486.61694915254
4332.69152542373
4243.2
4227.90508474576
4267.60677966102
4414.37288135593
4912.59661016949
5430.67118644068
5619.41694915254
5686.45423728814
5779.85084745763
5831.59322033898
5781.80338983051
5805.88474576271
5771.06440677966
5761.95254237288
5845.58644067797
5826.71186440678
5761.30169491525
5918.80677966102
5957.85762711864
5604.1220338983
5234.11525423729
4787.9593220339
4496.37966101695
4387.68813559322
4301.77627118644
4250.3593220339
4302.10169491525
4482.38644067797
4933.42372881356
5431.64745762712
5631.13220338983
5701.09830508475
5815.97288135593
5908.06779661017
5900.25762711864
5922.06101694915
5942.88813559322
5923.68813559322
5960.13559322034
5956.23050847458
5926.61694915254
6074.3593220339
6025.54576271186
5691.66101694915
5314.82033898305
4880.70508474576
4560.16271186441
4405.58644067797
4322.27796610169
4279.97288135593
4320.65084745763
4487.26779661017
4943.51186440678
5569.95254237288
5732.01355932203
5801.65423728813
5841.6813559322
5860.8813559322
5816.94915254237
5820.20338983051
5770.08813559322
5738.84745762712
5797.74915254237
5848.8406779661
5818.25084745763
5953.30169491525
5929.22033898305
5611.93220338983
5241.27457627119
4846.21016949153
4509.72203389831
4379.55254237288
4315.76949152542
4240.92203389831
4327.81016949152
4523.71525423729
4988.09491525424
5499.01016949152
5689.05762711864
5739.17288135593
5770.41355932203
5768.46101694915
5767.48474576271
5745.6813559322
5656.8406779661
5585.57288135593
5569.95254237288
5548.8
5536.43389830508
5729.73559322034
5709.88474576271
5496.40677966102
5157.6406779661
4782.42711864407
4466.11525423729
4315.1186440678
4181.36949152542
4147.2
4143.29491525424
4227.25423728814
4371.74237288136
4640.21694915254
4898.60338983051
5185.30169491525
5285.20677966102
5284.8813559322
5248.7593220339
5205.80338983051
5111.10508474576
5148.52881355932
5216.54237288136
5318.07457627119
5337.92542372881
5407.56610169492
5234.11525423729
5048.62372881356
4783.40338983051
4520.13559322034
4253.93898305085
4106.19661016949
4032.32542372881
3979.60677966102
3979.60677966102
4018.98305084746
4087.97288135593
4196.33898305085
4475.87796610169
4780.47457627119
4920.73220338983
5069.45084745763
5030.72542372881
5010.22372881356
4948.06779661017
4929.19322033898
5056.7593220339
5167.07796610169
5142.67118644068
5314.49491525424
5348.98983050847
5159.9186440678
4825.70847457627
4452.1220338983
4246.77966101695
4174.53559322034
4128.32542372881
4122.46779661017
4168.35254237288
4442.03389830508
4923.66101694915
5426.11525423729
5639.26779661017
5724.85423728813
5795.47118644068
5865.43728813559
5869.99322033898
5861.85762711864
5839.07796610169
5820.52881355932
5892.44745762712
5897.97966101695
5811.41694915254
6004.39322033898
5940.61016949153
5636.98983050847
5221.42372881356
4840.35254237288
4518.50847457627
4335.29491525424
4277.04406779661
4207.07796610169
4239.29491525424
4471.97288135593
4902.83389830508
5511.37627118644
5748.93559322034
5818.25084745763
5890.16949152542
5921.73559322034
5916.85423728813
5991.70169491525
5989.42372881356
5973.47796610169
6019.68813559322
6020.98983050847
5971.85084745763
6130.33220338983
6035.63389830508
5713.13898305085
5311.89152542373
4856.62372881356
4545.5186440678
4418.27796610169
4298.84745762712
4228.23050847458
4270.86101694915
4462.53559322034
4856.94915254237
5454.75254237288
5691.33559322034
5789.93898305085
5938.65762711864
6037.26101694915
6048.32542372881
6033.6813559322
5959.1593220339
5953.95254237288
5983.89152542373
5945.49152542373
5930.84745762712
6031.40338983051
5912.62372881356
5621.36949152542
5268.61016949153
4858.25084745763
4551.37627118644
4410.46779661017
4333.34237288136
4291.36271186441
4314.79322033898
4510.37288135593
4966.61694915254
5508.1220338983
5636.01355932203
5692.63728813559
5744.70508474576
5735.59322033898
5659.44406779661
5657.81694915254
5616.48813559322
5635.03728813559
5673.43728813559
5689.38305084746
5766.50847457627
6004.7186440678
5947.76949152542
5656.51525423729
5295.94576271186
4886.56271186441
4571.87796610169
4377.92542372881
4308.28474576271
4287.78305084746
4313.49152542373
4546.82033898305
4966.29152542373
5511.05084745763
5706.63050847458
5732.66440677966
5775.62033898305
5773.34237288136
5729.41016949153
5650.98305084746
5587.2
5518.53559322034
5503.89152542373
5505.19322033898
5535.45762711864
5744.70508474576
5720.94915254237
5425.46440677966
5118.91525423729
4769.73559322034
4465.13898305085
4269.23389830508
4180.39322033898
4150.77966101695
4142.64406779661
4164.77288135593
4330.73898305085
4572.52881355932
4857.6
5076.93559322034
5116.31186440678
5169.03050847458
5113.38305084746
5033.97966101695
4933.74915254237
4875.82372881356
4891.1186440678
4967.9186440678
4948.06779661017
5146.25084745763
5111.75593220339
4950.02033898305
4711.81016949152
4470.02033898305
4217.49152542373
4052.50169491525
3961.70847457627
3933.39661016949
3918.10169491525
3965.93898305085
4042.73898305085
4207.40338983051
4466.76610169492
4720.27118644068
4850.11525423729
4991.34915254237
5006.3186440678
4953.27457627119
4899.90508474576
4856.29830508475
4874.84745762712
4824.73220338983
4746.95593220339
4946.76610169492
4920.40677966102
4758.67118644068
4569.27457627119
4318.04745762712
4058.68474576271
3919.40338983051
3815.59322033898
3804.52881355932
3781.74915254237
3840
3945.11186440678
4067.79661016949
4314.14237288136
4616.13559322034
4832.54237288136
4937.32881355932
4973.12542372881
4936.02711864407
4873.87118644068
4838.4
4920.0813559322
4978.65762711864
5051.87796610169
5288.78644067797
5192.46101694915
4998.18305084746
4714.73898305085
4467.74237288136
4233.76271186441
4077.88474576271
4047.29491525424
4017.35593220339
4091.55254237288
4296.89491525424
4734.58983050847
5367.21355932203
5573.85762711864
5640.24406779661
5756.42033898305
5770.73898305085
5729.73559322034
5732.33898305085
5682.22372881356
5661.7220338983
5700.44745762712
5738.84745762712
5826.06101694915
6043.1186440678
5890.82033898305
5611.2813559322
5249.41016949153
4837.42372881356
4545.84406779661
4375.97288135593
4306.98305084746
4251.01016949152
4275.74237288136
4533.47796610169
4943.83728813559
5601.19322033898
5811.09152542373
5873.24745762712
5941.58644067797
5957.20677966102
5938.65762711864
5937.6813559322
5898.30508474576
5900.25762711864
6028.14915254237
6126.75254237288
6186.30508474576
6198.34576271186
5986.16949152542
5716.06779661017
5322.95593220339
4901.85762711864
4566.67118644068
4363.2813559322
4302.10169491525
4233.11186440678
4262.4
4430.96949152542
4893.39661016949
5494.77966101695
5727.45762711864
5701.42372881356
5746.00677966102
5792.86779661017
5767.81016949152
5785.05762711864
5757.07118644068
5764.8813559322
5842.33220338983
5872.27118644068
5933.77627118644
6199.3220338983
6081.5186440678
5822.4813559322
5456.70508474576
5060.66440677966
4730.68474576271
4595.30847457627
4471.64745762712
4440.73220338983
4469.04406779661
4689.35593220339
5131.93220338983
5769.43728813559
5935.40338983051
5884.63728813559
5935.72881355932
5975.10508474576
5964.0406779661
5941.91186440678
5942.88813559322
5896.35254237288
5996.25762711864
5957.20677966102
6011.22711864407
6114.06101694915
5913.92542372881
5676.36610169491
5370.79322033898
4935.37627118644
4572.85423728814
4398.75254237288
4352.21694915254
4310.88813559322
4279.3220338983
4339.52542372881
4495.07796610169
4787.30847457627
5082.46779661017
5319.05084745763
5425.13898305085
5400.40677966102
5334.02033898305
5255.26779661017
5168.70508474576
5101.01694915254
5145.6
5247.13220338983
5347.68813559322
5464.18983050847
5321.97966101695
5146.57627118644
4918.77966101695
4621.01694915254
4345.05762711864
4171.2813559322
4122.14237288136
4081.13898305085
4047.62033898305
4091.22711864407
4200.24406779661
4394.5220338983
4591.40338983051
4882.98305084746
4999.81016949152
5001.76271186441
5030.07457627119
5002.73898305085
4952.29830508475
4928.86779661017
5050.57627118644
5171.30847457627
5287.48474576271
5502.91525423729
5401.70847457627
5219.47118644068
4955.87796610169
4630.45423728814
4392.24406779661
4300.14915254237
4256.21694915254
4232.46101694915
4302.42711864407
4537.38305084746
5029.42372881356
5719.97288135593
5828.98983050847
5854.37288135593
5877.80338983051
5818.25084745763
5778.22372881356
5761.95254237288
5705.00338983051
5657.16610169491
5754.46779661017
5841.35593220339
5993.97966101695
6094.21016949152
5929.54576271186
5664.65084745763
5286.50847457627
4831.89152542373
4542.91525423729
4343.10508474576
4306.98305084746
4244.50169491525
4261.42372881356
4476.20338983051
4956.20338983051
5582.3186440678
5919.13220338983
5940.61016949153
6081.19322033898
6113.41016949153
6049.95254237288
6062.64406779661
6006.02033898305
6017.41016949153
6173.93898305085
6241.62711864407
6253.01694915254
6213.6406779661
6007.97288135593
5684.50169491525
5296.27118644068
4860.20338983051
4528.27118644068
4369.46440677966
4312.8406779661
4256.54237288136
4316.42033898305
4460.58305084746
4980.28474576271
5583.29491525424
5770.41355932203
5765.53220338983
5813.36949152542
5843.30847457627
5822.15593220339
5731.03728813559
5661.07118644068
5686.77966101695
5793.19322033898
5882.3593220339
5933.77627118644
6089.97966101695
5923.68813559322
5677.01694915254
5268.28474576271
4881.35593220339
4489.22033898305
4367.51186440678
4315.44406779661
4242.54915254237
4284.85423728814
4445.28813559322
4922.3593220339
5498.03389830508
5720.94915254237
5784.40677966102
5869.66779661017
5873.24745762712
5839.40338983051
5834.84745762712
5764.55593220339
5774.96949152542
5889.5186440678
5960.78644067797
6048.65084745763
6098.4406779661
5944.51525423729
5709.5593220339
5357.77627118644
4970.84745762712
4646.07457627119
4479.78305084746
4385.73559322034
4334.3186440678
4361.00338983051
4572.52881355932
5048.94915254237
5650.98305084746
5901.23389830508
5953.30169491525
6045.39661016949
6039.86440677966
5969.57288135593
5906.4406779661
5845.58644067797
5788.31186440678
5856.97627118644
5883.33559322034
5982.58983050847
6007.64745762712
5821.83050847458
5595.01016949152
5279.02372881356
4877.77627118644
4554.95593220339
4417.95254237288
4306.33220338983
4230.83389830508
4238.3186440678
4320.32542372881
4486.29152542373
4758.67118644068
5049.27457627119
5266.00677966102
5378.60338983051
5362.65762711864
5303.43050847458
5236.7186440678
5148.20338983051
5104.92203389831
5191.1593220339
5332.7186440678
5463.86440677966
5494.77966101695
5294.64406779661
5153.73559322034
4918.45423728814
4634.03389830508
4382.80677966102
4183.3220338983
4130.60338983051
4087.64745762712
4080.48813559322
4096.43389830508
4223.02372881356
4400.05423728814
4668.52881355932
4981.91186440678
5188.55593220339
5305.38305084746
5395.2
5337.6
5321.65423728813
5322.30508474576
5431.97288135593
5608.35254237288
5650.98305084746
5639.59322033898
5545.22033898305
5342.15593220339
5034.30508474576
4660.39322033898
4429.66779661017
4364.58305084746
4328.46101694915
4292.66440677966
4331.38983050847
4562.11525423729
5090.92881355932
5750.23728813559
5953.62711864407
5981.93898305085
6006.02033898305
6025.22033898305
5966.3186440678
5954.27796610169
5933.77627118644
5895.70169491525
5998.53559322034
6084.1220338983
6181.74915254237
6291.41694915254
6144.32542372881
5905.46440677966
5495.43050847458
5037.88474576271
4733.28813559322
4578.71186440678
4487.59322033898
4430.3186440678
4469.36949152542
4671.13220338983
5139.74237288136
5809.78983050847
5941.91186440678
5939.63389830508
5951.67457627119
5967.62033898305
5892.77288135593
5892.44745762712
5808.81355932203
5825.41016949153
5956.23050847458
6095.18644067797
6278.4
6267.66101694915
6058.41355932203
5867.71525423729
5460.61016949153
5004.0406779661
4687.07796610169
4552.02711864407
4514.27796610169
4459.60677966102
4486.61694915254
4701.39661016949
5200.59661016949
5828.98983050847
5968.59661016949
5917.50508474576
5900.25762711864
5881.70847457627
5820.20338983051
5817.92542372881
5808.16271186441
5798.72542372881
5918.80677966102
6043.1186440678
6228.61016949153
6306.38644067797
6129.35593220339
5887.2406779661
5523.09152542373
5123.47118644068
4762.25084745763
4628.82711864407
4575.45762711864
4531.2
4584.24406779661
4774.29152542373
5268.61016949153
5875.85084745763
5951.34915254237
5929.87118644068
5922.06101694915
5902.53559322034
5832.89491525424
5813.36949152542
5762.27796610169
5743.07796610169
5803.2813559322
5901.5593220339
6125.77627118644
6245.53220338983
6110.4813559322
5897.65423728813
5484.36610169491
5112.0813559322
4810.08813559322
4655.51186440678
4570.25084745763
4511.02372881356
4578.06101694915
4879.07796610169
5515.60677966102
5874.87457627119
6068.17627118644
6120.56949152542
6142.37288135593
6109.17966101695
6037.26101694915
5986.82033898305
6016.43389830508
5966.64406779661
6045.7220338983
6102.67118644068
6205.50508474576
6122.5220338983
5974.77966101695
5779.2
5457.03050847458
5085.39661016949
4754.11525423729
4597.91186440678
4509.07118644068
4432.92203389831
4424.13559322034
4474.25084745763
4625.24745762712
4916.17627118644
5215.89152542373
5480.46101694915
5607.05084745763
5691.01016949152
5643.49830508474
5530.25084745763
5468.74576271186
5454.42711864407
5516.58305084746
5608.67796610169
5691.33559322034
5653.91186440678
5533.83050847458
5335.3220338983
5141.36949152542
4871.59322033898
4610.92881355932
4490.84745762712
4376.29830508475
4314.14237288136
4282.57627118644
4266.95593220339
4384.7593220339
4567.97288135593
4737.5186440678
5019.66101694915
5238.99661016949
5333.69491525424
5380.8813559322
5362.33220338983
5328.81355932203
5298.22372881356
5384.46101694915
5586.22372881356
5846.88813559322
5924.98983050847
5740.8
5636.98983050847
5429.36949152542
5136.16271186441
4848.48813559322
4661.36949152542
4549.74915254237
4494.42711864407
4490.84745762712
4606.37288135593
4845.88474576271
5294.64406779661
5771.38983050847
5918.15593220339
5928.89491525424
5950.37288135593
5940.93559322034
5871.94576271186
5853.7220338983
5816.94915254237
5779.52542372881
5926.94237288136
6231.86440677966
6375.05084745763
6233.49152542373
6078.91525423729
5801.97966101695
5418.30508474576
4979.30847457627
4711.1593220339
4606.69830508475
4503.86440677966
4514.27796610169
4557.88474576271
4711.1593220339
5156.98983050847
5707.2813559322
5896.67796610169
5910.67118644068
5950.37288135593
5937.03050847458
5913.6
5882.3593220339
5841.35593220339
5872.59661016949
6032.05423728814
6204.85423728813
6161.57288135593
5981.61355932203
5915.22711864407
5723.22711864407
5389.66779661017
4973.77627118644
4702.04745762712
4590.42711864407
4482.71186440678
4497.03050847458
4590.10169491525
4786.65762711864
5219.79661016949
5629.83050847458
5858.92881355932
5887.56610169492
5848.51525423729
5877.47796610169
5843.9593220339
5828.66440677966
5805.5593220339
5812.39322033898
6023.9186440678
6452.82711864407
6487.3220338983
6308.33898305085
6159.29491525424
5923.03728813559
5533.17966101695
5126.72542372881
4853.36949152542
4745.32881355932
4670.4813559322
4637.61355932203
4682.19661016949
4882.65762711864
5391.29491525424
5866.08813559322
5981.93898305085
6010.57627118644
6034.65762711864
6054.18305084746
6046.69830508475
6045.7220338983
6015.13220338983
6018.06101694915
6260.17627118644
6569.00338983051
6654.58983050847
6469.09830508475
6297.27457627119
6010.25084745763
5671.1593220339
5306.03389830508
4973.12542372881
4823.10508474576
4713.43728813559
4705.62711864407
4785.6813559322
4981.91186440678
5480.46101694915
5938.33220338983
6083.47118644068
6125.77627118644
6112.7593220339
6150.18305084746
6086.72542372881
6101.04406779661
6024.89491525424
6023.26779661017
6176.54237288136
6492.52881355932
6491.87796610169
6292.06779661017
6135.53898305085
5921.41016949153
5569.30169491525
5204.50169491525
4876.14915254237
4743.05084745763
4614.50847457627
4595.9593220339
4575.13220338983
4654.86101694915
4792.8406779661
5055.45762711864
5380.8813559322
5496.73220338983
5521.46440677966
5534.15593220339
5479.81016949152
5414.72542372881
5374.04745762712
5365.26101694915
5538.71186440678
5936.37966101695
5899.60677966102
5673.11186440678
5568
5359.07796610169
5124.44745762712
4851.41694915254
4610.60338983051
4457.97966101695
4359.37627118644
4328.46101694915
4317.72203389831
4342.12881355932
4472.94915254237
4627.52542372881
4894.69830508475
5154.38644067797
5317.09830508475
5338.25084745763
5334.34576271186
5287.81016949152
5255.26779661017
5293.01694915254
5483.38983050847
5812.7186440678
5844.61016949153
5684.50169491525
5570.27796610169
5331.09152542373
5037.5593220339
4750.86101694915
4532.50169491525
4447.89152542373
4384.7593220339
4375.97288135593
4452.77288135593
4706.27796610169
5184.97627118644
5712.48813559322
5887.2406779661
5896.67796610169
5933.45084745763
5907.41694915254
5842.98305084746
5807.83728813559
5757.07118644068
5762.27796610169
5957.20677966102
6395.87796610169
6419.30847457627
6231.53898305085
6109.83050847458
5775.29491525424
5391.94576271186
4992
4713.11186440678
4569.92542372881
4485.31525423729
4458.30508474576
4483.68813559322
4661.69491525424
5123.79661016949
5688.40677966102
5850.46779661017
5869.99322033898
5937.03050847458
5971.2
5932.8
5933.45084745763
5927.9186440678
5983.56610169492
6256.92203389831
6550.77966101695
6530.27796610169
6363.01016949152
6172.96271186441
5867.06440677966
5456.37966101695
5100.69152542373
4747.60677966102
4608.65084745763
4494.10169491525
4443.33559322034
4465.13898305085
4632.73220338983
5122.16949152542
5696.54237288136
5905.46440677966
5943.53898305085
5926.61694915254
5945.49152542373
5925.31525423729
5928.89491525424
5885.61355932203
5917.50508474576
6099.74237288136
6450.22372881356
6370.16949152542
6213.6406779661
6003.41694915254
5741.77627118644
5338.90169491525
4941.88474576271
4643.47118644068
4520.78644067797
4424.46101694915
4416.97627118644
4466.4406779661
4657.46440677966
5052.85423728814
5584.59661016949
5775.94576271186
5848.8406779661
5916.85423728813
5915.22711864407
5870.64406779661
5879.10508474576
5766.50847457627
5820.52881355932
6054.18305084746
6307.68813559322
6326.56271186441
6178.49491525424
6012.85423728813
5747.63389830508
5365.91186440678
4963.03728813559
4688.37966101695
4553.97966101695
4471.64745762712
4432.92203389831
4503.21355932203
4737.19322033898
5097.11186440678
5626.57627118644
5813.69491525424
5890.16949152542
5912.29830508475
5903.83728813559
5869.34237288136
5828.98983050847
5786.03389830508
5737.22033898305
5910.34576271186
6241.62711864407
6233.16610169491
6076.31186440678
5902.86101694915
5655.21355932203
5334.67118644068
4929.5186440678
4626.22372881356
4457.65423728813
4338.87457627119
4278.02033898305
4277.36949152542
4365.5593220339
4540.63728813559
4830.91525423729
5170.00677966102
5408.54237288136
5524.7186440678
5597.61355932203
5579.06440677966
5552.05423728814
5524.7186440678
5548.47457627119
5728.10847457627
5966.96949152542
5855.67457627119
5655.86440677966
5514.95593220339
5310.58983050847
5129.00338983051
4841.97966101695
4584.89491525424
4400.05423728814
4325.53220338983
4269.5593220339
4250.03389830508
4324.55593220339
4449.84406779661
4587.17288135593
4859.87796610169
5112.40677966102
5205.47796610169
5313.84406779661
5375.67457627119
5340.85423728814
5305.70847457627
5376.32542372881
5622.34576271186
6015.45762711864
5931.82372881356
5765.85762711864
5630.4813559322
5445.96610169491
5171.9593220339
4876.14915254237
4657.78983050847
4524.69152542373
4424.78644067797
4394.84745762712
4489.22033898305
4707.25423728814
5177.49152542373
5782.45423728814
6042.79322033898
6098.4406779661
6190.21016949152
6196.7186440678
6160.27118644068
6174.91525423729
6153.76271186441
6173.61355932203
6441.43728813559
6800.05423728814
6600.24406779661
6439.1593220339
6237.7220338983
6007.97288135593
5571.25423728814
5111.10508474576
4795.76949152542
4675.03728813559
4585.22033898305
4553.32881355932
4607.67457627119
4796.42033898305
5231.18644067797
5805.23389830508
6006.67118644068
6005.04406779661
6073.38305084746
6067.85084745763
6096.16271186441
6076.31186440678
6009.6
6057.76271186441
6347.38983050847
6693.96610169491
6563.14576271186
6372.1220338983
6210.38644067797
5933.77627118644
5546.84745762712
5140.7186440678
4804.55593220339
4635.66101694915
4548.77288135593
4512.65084745763
4528.27118644068
4738.16949152542
5234.4406779661
5768.13559322034
5920.10847457627
5917.50508474576
5913.92542372881
5894.4
5852.42033898305
5859.57966101695
5837.45084745763
5858.60338983051
6142.69830508475
6571.60677966102
6458.3593220339
6257.89830508475
6159.94576271186
5917.83050847458
5550.10169491525
5145.6
4838.4
4666.57627118644
4593.35593220339
4550.07457627119
4594.98305084746
4795.76949152542
5202.22372881356
5814.99661016949
6018.38644067797
6022.29152542373
6100.39322033898
6171.01016949152
6152.78644067797
6113.41016949153
6068.17627118644
6097.13898305085
6263.43050847458
6565.09830508475
6483.74237288136
6264.40677966102
6068.82711864407
5808.48813559322
5416.67796610169
5010.22372881356
4703.34915254237
4600.18983050847
4512.97627118644
4502.56271186441
4513.95254237288
4726.45423728814
5133.23389830508
5734.61694915254
5976.73220338983
6065.57288135593
6151.48474576271
6147.25423728814
6091.60677966102
6073.38305084746
6044.09491525424
6042.46779661017
6228.93559322034
6518.56271186441
6378.63050847458
6156.0406779661
6000.48813559322
5793.5186440678
5481.11186440678
5077.58644067797
4755.41694915254
4559.51186440678
4464.16271186441
4402.00677966102
4400.37966101695
4466.76610169492
4673.41016949153
4940.25762711864
5215.89152542373
5454.42711864407
5548.8
5581.66779661017
5556.61016949153
5497.70847457627
5450.84745762712
5459.30847457627
5633.73559322034
5957.53220338983
5848.51525423729
5690.3593220339
5554.00677966102
5353.54576271186
5129.97966101695
4852.06779661017
4621.01694915254
4433.24745762712
4330.41355932203
4282.25084745763
4272.81355932203
4338.87457627119
4452.1220338983
4636.63728813559
4842.63050847458
5142.67118644068
5329.78983050847
5419.93220338983
5462.88813559322
5462.56271186441
5436.20338983051
5524.7186440678
5787.33559322034
6130.00677966102
6005.04406779661
5890.49491525424
5789.61355932203
5631.13220338983
5334.34576271186
5034.63050847458
4781.77627118644
4667.55254237288
4614.18305084746
4578.71186440678
4665.27457627119
4896.32542372881
5353.22033898305
6004.7186440678
6174.58983050847
6232.18983050847
6315.82372881356
6334.69830508475
6302.4813559322
6297.6
6238.37288135593
6296.62372881356
6577.13898305085
6920.78644067797
6797.12542372881
6660.1220338983
6456.73220338983
6197.69491525424
5793.5186440678
5348.98983050847
5033.65423728813
4869.31525423729
4769.41016949153
4769.08474576271
4816.27118644068
5033.65423728813
5473.62711864407
6069.47796610169
6189.88474576271
6137.16610169491
6180.1220338983
6167.75593220339
6112.43389830508
6070.45423728814
6040.18983050847
6104.62372881356
6379.60677966102
6784.43389830508
6741.47796610169
6559.56610169492
6392.94915254237
6109.50508474576
5690.3593220339
5274.14237288136
4981.91186440678
4857.92542372881
4776.56949152542
4745.32881355932
4817.57288135593
5063.9186440678
5522.4406779661
6072.40677966102
6176.54237288136
6121.22033898305
6123.49830508474
6101.04406779661
5995.60677966102
5929.54576271186
5890.16949152542
5929.87118644068
6226.33220338983
6640.59661016949
6630.18305084746
6503.9186440678
6384.16271186441
6091.2813559322
5688.73220338983
5232.16271186441
4950.67118644068
4827.33559322034
4738.49491525424
4727.43050847458
4779.49830508474
4984.18983050847
5472.32542372881
6041.16610169491
6153.76271186441
6106.57627118644
6124.14915254237
6063.62033898305
5961.43728813559
5898.30508474576
5851.44406779661
5870.96949152542
6153.43728813559
6609.03050847458
6498.38644067797
6363.98644067797
6267.01016949152
6002.11525423729
5587.2
5156.33898305085
4890.46779661017
4735.2406779661
4680.89491525424
4628.17627118644
4676.98983050847
4934.07457627119
5350.94237288136
5879.43050847458
6031.07796610169
6003.41694915254
6041.81694915254
5996.58305084746
5925.96610169491
5838.75254237288
5788.96271186441
5761.95254237288
5928.89491525424
6371.14576271186
6321.03050847458
6178.82033898305
6041.81694915254
5807.83728813559
5455.72881355932
5037.88474576271
4713.76271186441
4535.10508474576
4452.77288135593
4417.62711864407
4439.10508474576
4528.27118644068
4733.61355932203
5001.76271186441
5235.41694915254
5406.58983050847
5455.07796610169
5406.91525423729
5321.65423728813
5224.35254237288
5150.80677966102
5157.31525423729
5460.28474576271
5912.29830508475
5803.2813559322
5616.48813559322
5427.74237288136
5264.70508474576
5072.37966101695
4764.52881355932
4486.94237288136
4348.63728813559
4225.95254237288
4147.2
4139.38983050847
4201.87118644068
4326.18305084746
4512.32542372881
4737.84406779661
5039.51186440678
5177.49152542373
5244.52881355932
5214.26440677966
5155.36271186441
5130.30508474576
5219.14576271186
5545.87118644068
5983.89152542373
5907.41694915254
5768.78644067797
5633.73559322034
5443.36271186441
5134.86101694915
4770.71186440678
4564.7186440678
4436.82711864407
4376.94915254237
4376.62372881356
4465.78983050847
4635.66101694915
5113.38305084746
5734.94237288136
5902.53559322034
5952
5969.89830508475
6015.13220338983
5987.79661016949
6048.97627118644
6006.67118644068
6032.37966101695
6367.2406779661
6686.15593220339
6581.04406779661
6445.34237288136
6295.97288135593
6020.33898305085
5591.10508474576
5074.33220338983
4728.40677966102
4608.32542372881
4556.90847457627
4516.55593220339
4578.38644067797
4774.29152542373
5243.22711864407
5909.04406779661
6123.82372881356
6147.57966101695
6171.01016949152
6170.68474576271
6144.32542372881
6122.84745762712
6150.83389830508
6194.4406779661
6457.70847457627
6774.34576271186
6706.00677966102
6508.14915254237
6335.34915254237
6093.88474576271
5686.77966101695
5224.35254237288
4846.21016949153
4700.09491525424
4602.79322033898
4578.71186440678
4623.94576271186
4809.76271186441
5282.27796610169
5880.0813559322
6007.3220338983
6046.37288135593
6068.17627118644
5995.2813559322
5942.88813559322
5941.26101694915
5998.21016949153
6091.60677966102
6399.78305084746
6697.22033898305
6551.10508474576
6370.16949152542
6190.53559322034
5965.66779661017
5563.44406779661
5048.94915254237
4656.16271186441
4573.17966101695
4454.72542372881
4409.49152542373
4460.25762711864
4637.28813559322
5108.50169491525
5720.94915254237
5923.03728813559
5953.30169491525
6050.92881355932
6132.61016949153
6108.85423728813
6092.90847457627
6128.70508474576
6198.02033898305
6448.59661016949
6744.73220338983
6657.84406779661
6549.15254237288
6344.78644067797
6082.82033898305
5756.42033898305
5225.65423728813
4947.41694915254
4791.21355932203
4678.29152542373
4658.11525423729
4751.18644067797
4978.98305084746
5386.08813559322
5970.22372881356
6262.77966101695
6387.74237288136
6535.48474576271
6578.11525423729
6511.40338983051
6484.7186440678
6432
6415.72881355932
6580.39322033898
6794.84745762712
6722.92881355932
6578.11525423729
6383.83728813559
6102.34576271186
5820.20338983051
5394.22372881356
5090.92881355932
4914.54915254237
4779.82372881356
4733.93898305085
4711.1593220339
4785.03050847458
4928.86779661017
5201.24745762712
5409.84406779661
5647.07796610169
5792.54237288136
5816.94915254237
5777.24745762712
5698.82033898305
5653.58644067797
5672.46101694915
5875.2
6299.55254237288
6211.36271186441
6071.75593220339
5924.01355932203
5775.62033898305
5546.5220338983
5174.23728813559
4906.73898305085
4700.42033898305
4593.03050847458
4528.92203389831
4536.73220338983
4589.77627118644
4756.39322033898
4971.49830508474
5178.46779661017
5460.93559322034
5626.57627118644
5678.64406779661
5718.02033898305
5727.13220338983
5734.61694915254
5801.97966101695
6107.55254237288
6645.47796610169
6563.14576271186
6435.90508474576
6276.77288135593
6078.91525423729
5743.07796610169
5391.62033898305
5132.58305084746
5019.01016949152
4956.52881355932
4950.34576271186
5036.90847457627
5271.86440677966
5711.83728813559
6343.48474576271
6483.74237288136
6491.22711864407
6487.97288135593
6556.96271186441
6511.07796610169
6411.17288135593
6425.16610169491
6487.3220338983
6873.27457627119
7331.14576271186
7298.27796610169
7175.26779661017
7018.41355932203
6726.83389830508
6245.20677966102
5741.45084745763
5422.53559322034
5268.93559322034
5149.50508474576
5117.61355932203
5170.00677966102
5377.30169491525
5889.19322033898
6485.04406779661
6506.84745762712
6513.35593220339
6470.07457627119
6468.1220338983
6398.80677966102
6410.19661016949
6367.2406779661
6396.85423728813
6721.62711864407
7288.8406779661
7231.56610169491
7089.6813559322
6927.94576271186
6616.8406779661
6169.70847457627
5647.07796610169
5278.04745762712
5160.24406779661
5014.12881355932
4999.81016949152
5074.98305084746
5272.51525423729
5720.94915254237
6336
6479.83728813559
6515.30847457627
6541.99322033898
6546.87457627119
6495.45762711864
6493.83050847458
6492.85423728813
6608.37966101695
6911.34915254237
7222.45423728814
7116.36610169491
6972.20338983051
6786.06101694915
6532.55593220339
6092.25762711864
5611.2813559322
5286.83389830508
5142.34576271186
5054.4813559322
4997.85762711864
5064.24406779661
5296.92203389831
5773.34237288136
6423.53898305085
6580.39322033898
6628.23050847458
6652.63728813559
6603.49830508474
6534.83389830508
6511.40338983051
6529.62711864407
6617.81694915254
6910.37288135593
7459.68813559322
7465.54576271186
7323.01016949152
7188.93559322034
6924.69152542373
6514.65762711864
5989.42372881356
5655.21355932203
5522.4406779661
5417.97966101695
5412.77288135593
5463.53898305085
5676.36610169491
6115.36271186441
6653.28813559322
6772.39322033898
6776.62372881356
6771.09152542373
6707.63389830508
6673.78983050847
6615.53898305085
6582.67118644068
6561.5186440678
6790.61694915254
7243.2813559322
7177.54576271186
7011.25423728814
6819.90508474576
6578.11525423729
6200.62372881356
5720.29830508475
5341.50508474576
5158.94237288136
5048.94915254237
4996.23050847458
4989.39661016949
5030.72542372881
5208.0813559322
5512.02711864407
5746.33220338983
5930.5220338983
5986.49491525424
5943.21355932203
5868.36610169491
5779.2
5692.96271186441
5762.27796610169
6046.37288135593
6548.50169491525
6430.69830508475
6229.91186440678
6089.97966101695
5915.87796610169
5645.77627118644
5282.27796610169
4997.20677966102
4791.53898305085
4692.28474576271
4655.83728813559
4634.68474576271
4700.42033898305
4838.07457627119
5038.86101694915
5210.03389830508
5430.02033898305
5528.29830508475
5528.94915254237
5534.15593220339
5469.07118644068
5415.37627118644
5475.25423728814
5795.14576271186
6420.61016949153
6357.15254237288
6209.41016949153
6109.83050847458
5903.18644067797
5553.03050847458
5184.65084745763
4915.2
4783.40338983051
4717.66779661017
4695.86440677966
4763.22711864407
5001.11186440678
5426.76610169492
6092.58305084746
6337.95254237288
6384.48813559322
6402.06101694915
6365.93898305085
6338.92881355932
6343.81016949152
6296.62372881356
6358.77966101695
6717.7220338983
7108.8813559322
7050.95593220339
6887.26779661017
6704.05423728814
6414.42711864407
5922.38644067797
5402.68474576271
5065.87118644068
4887.21355932203
4790.88813559322
4748.25762711864
4817.57288135593
5007.62033898305
5470.04745762712
6131.9593220339
6316.8
6300.20338983051
6331.76949152542
6304.43389830508
6199.64745762712
6276.77288135593
6246.18305084746
6294.67118644068
6640.27118644068
7046.72542372881
6986.84745762712
6787.36271186441
6689.08474576271
6431.02372881356
5969.24745762712
5415.37627118644
5056.43389830508
4909.66779661017
4803.90508474576
4736.54237288136
4765.83050847458
4971.49830508474
5404.31186440678
6027.82372881356
6230.56271186441
6166.12881355932
6193.13898305085
6178.82033898305
6118.61694915254
6148.23050847458
6120.56949152542
6243.25423728814
6581.04406779661
6997.26101694915
6945.19322033898
6706.00677966102
6563.14576271186
6377.97966101695
5922.38644067797
5357.77627118644
4985.16610169491
4843.2813559322
4738.49491525424
4676.66440677966
4738.49491525424
4976.37966101695
5447.9186440678
6053.85762711864
6130.65762711864
6081.84406779661
6091.2813559322
6143.67457627119
6097.13898305085
6085.09830508475
6025.87118644068
6095.18644067797
6431.67457627119
6833.57288135593
6792.89491525424
6665.97966101695
6544.59661016949
6283.2813559322
5820.20338983051
5304.0813559322
5001.11186440678
4804.55593220339
4712.78644067797
4660.7186440678
4708.8813559322
4914.87457627119
5334.99661016949
5962.73898305085
6097.78983050847
6049.95254237288
6081.19322033898
6086.4
6030.42711864407
6054.18305084746
6075.98644067797
6105.6
6413.77627118644
6751.89152542373
6687.13220338983
6516.61016949153
6306.71186440678
6095.18644067797
5743.72881355932
5274.14237288136
4878.10169491525
4698.46779661017
4573.17966101695
4537.38305084746
4551.05084745763
4614.18305084746
4829.61355932203
5108.17627118644
5352.24406779661
5546.84745762712
5623.64745762712
5625.6
5562.14237288136
5485.66779661017
5423.51186440678
5459.30847457627
5749.91186440678
6293.36949152542
6219.82372881356
6007.64745762712
5853.7220338983
5703.05084745763
5438.4813559322
5082.46779661017
4743.05084745763
4564.7186440678
4459.60677966102
4357.09830508475
4330.08813559322
4356.77288135593
4467.74237288136
4670.80677966102
4909.66779661017
5128.35254237288
5298.22372881356
5342.80677966102
5377.95254237288
5253.96610169491
5244.20338983051
5292.36610169491
5614.53559322034
6137.49152542373
6129.03050847458
6046.04745762712
5927.59322033898
5758.04745762712
5417.97966101695
4988.09491525424
4678.61694915254
4511.34915254237
4450.16949152542
4453.09830508475
4501.26101694915
4738.82033898305
5220.1220338983
5887.89152542373
6108.52881355932
6085.09830508475
6107.87796610169
6105.92542372881
6058.08813559322
6084.77288135593
6086.4
6179.79661016949
6580.7186440678
6993.03050847458
6927.94576271186
6791.26779661017
6652.63728813559
6408.24406779661
5964.0406779661
5461.58644067797
5060.33898305085
4910.96949152542
4815.29491525424
4799.67457627119
4831.89152542373
4999.1593220339
5429.36949152542
6082.16949152542
6278.4
6279.05084745763
6241.62711864407
6198.02033898305
6168.40677966102
6181.42372881356
6105.92542372881
6252.0406779661
6506.19661016949
7000.51525423729
7025.24745762712
6874.57627118644
6739.85084745763
6556.31186440678
6102.02033898305
5598.26440677966
5241.6
5009.24745762712
4886.88813559322
4867.03728813559
4914.22372881356
5085.39661016949
5562.14237288136
6172.96271186441
6299.55254237288
6222.42711864407
6245.85762711864
6186.95593220339
6075.98644067797
6031.07796610169
6011.22711864407
6090.95593220339
6399.45762711864
6932.17627118644
6922.73898305085
6778.90169491525
6651.98644067797
6368.21694915254
5975.43050847458
5412.77288135593
5004.0406779661
4832.54237288136
4742.72542372881
4665.6
4703.02372881356
4897.62711864407
5363.63389830508
5980.31186440678
6086.72542372881
6059.06440677966
6062.96949152542
6035.30847457627
5932.14915254237
5907.09152542373
5937.6813559322
5995.93220338983
6320.05423728814
6807.53898305085
6801.6813559322
6707.9593220339
6537.43728813559
6334.37288135593
5927.9186440678
5396.82711864407
5021.61355932203
4802.92881355932
4687.07796610169
4652.58305084746
4695.86440677966
4877.45084745763
5281.95254237288
5885.93898305085
6166.45423728814
6186.95593220339
6229.58644067797
6266.3593220339
6146.92881355932
6025.54576271186
5966.96949152542
6031.40338983051
6360.0813559322
6701.45084745763
6566.07457627119
6404.01355932203
6201.27457627119
5931.82372881356
5566.69830508475
5179.1186440678
4802.27796610169
4599.86440677966
4435.2
4335.94576271186
4350.58983050847
4382.15593220339
4544.86779661017
4806.50847457627
5063.26779661017
5376.32542372881
5517.23389830508
5569.95254237288
5601.5186440678
5582.3186440678
5513.00338983051
5471.02372881356
5721.92542372881
6147.90508474576
6070.77966101695
5922.71186440678
5797.42372881356
5615.83728813559
5338.90169491525
4959.78305084746
4641.19322033898
4456.02711864407
4297.87118644068
4224.97627118644
4227.57966101695
4238.3186440678
4363.93220338983
4609.30169491525
4757.69491525424
4944.48813559322
5076.93559322034
5140.06779661017
5112.40677966102
5053.83050847458
4950.67118644068
4946.4406779661
5105.89830508475
5628.20338983051
5530.90169491525
5334.99661016949
5221.74915254237
5156.01355932203
4974.42711864407
4729.70847457627
4471.97288135593
4246.45423728814
4095.13220338983
4023.21355932203
4039.1593220339
4092.85423728814
4224.65084745763
4415.02372881356
4654.53559322034
4764.20338983051
4902.50847457627
4998.83389830508
5043.09152542373
4981.26101694915
4904.46101694915
4911.62033898305
5079.21355932203
5358.75254237288
5184.65084745763
5109.80338983051
5086.69830508475
5045.69491525424
4858.57627118644
4540.31186440678
4262.07457627119
4139.71525423729
4031.34915254237
3986.4406779661
3985.13898305085
4088.94915254237
4226.27796610169
4454.72542372881
4626.87457627119
4851.09152542373
5012.50169491525
5073.03050847458
5049.27457627119
5043.41694915254
4994.60338983051
5034.95593220339
5264.37966101695
5753.81694915254
5746.98305084746
5678.96949152542
5543.9186440678
5382.18305084746
5111.43050847458
4757.69491525424
4443.98644067797
4342.45423728814
4263.37627118644
4278.02033898305
4290.38644067797
4433.89830508475
4753.13898305085
5172.93559322034
5490.87457627119
5717.36949152542
5877.15254237288
5945.49152542373
5867.38983050847
5816.62372881356
5788.63728813559
5836.14915254237
6004.7186440678
6432.97627118644
6399.13220338983
6237.07118644068
6053.85762711864
5828.98983050847
5488.27118644068
5091.25423728814
4756.39322033898
4541.93898305085
4446.91525423729
4411.76949152542
4462.53559322034
4588.8
4806.83389830508
5172.61016949153
5414.72542372881
5592.0813559322
5664
5692.31186440678
5670.50847457627
5608.67796610169
5560.18983050847
5606.4
5920.7593220339
6365.28813559322
6344.46101694915
6171.98644067797
6033.03050847458
5787.66101694915
5455.72881355932
5080.8406779661
4722.87457627119
4573.50508474576
4482.06101694915
4496.70508474576
4551.37627118644
4695.86440677966
5015.10508474576
5340.20338983051
5575.81016949152
5734.94237288136
5823.13220338983
5880.40677966102
5842.65762711864
5777.24745762712
5718.34576271186
5794.16949152542
6058.08813559322
6481.46440677966
6433.30169491525
6278.07457627119
6067.2
5844.61016949153
5531.55254237288
5200.92203389831
4893.7220338983
4730.3593220339
4600.18983050847
4527.94576271186
4517.85762711864
4544.21694915254
4711.1593220339
4956.85423728814
5211.01016949152
5443.03728813559
5576.78644067797
5543.59322033898
5477.85762711864
5417.32881355932
5334.34576271186
5314.49491525424
5579.71525423729
6111.45762711864
6109.83050847458
5929.87118644068
5796.1220338983
5648.37966101695
5422.86101694915
5082.46779661017
4787.30847457627
4629.15254237288
4494.42711864407
4434.22372881356
4433.24745762712
4464.81355932203
4596.28474576271
4769.08474576271
4879.72881355932
5061.31525423729
5221.74915254237
5272.18983050847
5307.33559322034
5305.38305084746
5296.92203389831
5366.88813559322
5662.04745762712
6122.19661016949
5966.3186440678
5718.02033898305
5519.83728813559
5318.07457627119
5120.21694915254
4961.08474576271
